start_state: 0 -0.25 0.2 0 0 0 1 0 1.57 0 1.57 0 1.57 -0 0 -0 0 -0 0 -0 0
goal_state: 0 0 0.9 0 0 0 1 0 1.57 0 1.57 0 1.57 4.79244e-322 6.92874e-310 7.29076e-317 0 7.2914e-317 7.29137e-317 4.44659e-323 1.8206e+185
states: 422
planning_mode: 2
locomotion_mode: 1
planning_time: 4266.25
motion_cost: 9.38485
minimum_var: 0.230943
minimum_var_state_entry: 261
maximum_force : 21.9521
maximum_force_state_entry: 336
state0: 0 -0.25 0.2 0 0 0 1 0 1.57 0 1.57 0 1.57 -0 0 -0 0 -0 0 -0 0 0.5 20.5815
state1: 0 -0.25 0.2 0 0 0 1 0 1.57 0 1.57 0 1.57 -0 0 -0 0 -0 0 -0 0 0.5 20.5815
state2: 0 -0.25 0.2 0 0 0 1 0 1.57 0 1.57 0 1.57 -0 0 -0 0 -0 0 -0 0 0.5 20.5815
state3: 0.00216114 -0.248898 0.20024 0.00151949 -0.00123246 0.00773858 0.999968 0.0310842 1.56466 0.0194502 1.56063 0.00980734 1.50493 -0.00301982 0.00248835 -0.0286139 0.00284434 -0.0168947 0.0284435 0.0174883 0.0180781 0.502261 20.556
state4: 0.00432228 -0.247795 0.200479 0.00303889 -0.00246483 0.0154767 0.999873 0.0621685 1.55932 0.0389004 1.55126 0.0196147 1.43986 -0.00600081 0.00502312 -0.0572103 0.00534504 -0.0346583 0.0565433 0.032129 0.0391318 0.50417 20.563
state5: 0.00648342 -0.246693 0.200719 0.00455809 -0.00369705 0.0232138 0.999713 0.0932527 1.55398 0.0583505 1.54189 0.029422 1.37479 -0.00894229 0.00760368 -0.0857865 0.00750262 -0.0532809 0.0842801 0.0435859 0.0627785 0.505848 20.5775
state6: 0.00864456 -0.24559 0.200958 0.006077 -0.00492904 0.0309494 0.99949 0.124337 1.54864 0.0778007 1.53252 0.0392294 1.30971 -0.0118436 0.0102294 -0.11434 0.00931817 -0.0727541 0.111635 0.051569 0.0886053 0.507262 20.5824
state7: 0.0108057 -0.244488 0.201198 0.00759552 -0.00616071 0.0386831 0.999204 0.155421 1.54331 0.0972509 1.52315 0.0490367 1.24464 -0.0147041 0.0128996 -0.142867 0.0107932 -0.0930702 0.13859 0.0558313 0.116175 0.508383 20.5786
state8: 0.0129668 -0.243386 0.201437 0.00911356 -0.00739199 0.0464142 0.998853 0.186505 1.53797 0.116701 1.51378 0.0588441 1.17957 -0.0175231 0.0156137 -0.171366 0.0119299 -0.114222 0.165126 0.0561659 0.145033 0.509184 20.567
state9: 0.015128 -0.242283 0.201677 0.010631 -0.0086228 0.0541425 0.998439 0.21759 1.53263 0.136151 1.50441 0.0686514 1.1145 -0.0203 0.0183709 -0.199833 0.0127307 -0.136204 0.191228 0.052403 0.174707 0.509643 20.5486
state10: 0.0172891 -0.241181 0.201916 0.0121478 -0.00985305 0.0618673 0.997962 0.248674 1.52729 0.155601 1.49504 0.0784588 1.04943 -0.0230341 0.0211706 -0.228266 0.0131987 -0.15901 0.216879 0.0444093 0.204717 0.50974 20.5242
state11: 0.0194503 -0.240079 0.202156 0.0136638 -0.0110827 0.0695881 0.997421 0.279758 1.52195 0.175052 1.48567 0.0882661 0.984358 -0.0257249 0.0240122 -0.256661 0.0133375 -0.182633 0.242063 0.0320881 0.234573 0.509465 20.4947
state12: 0.0216114 -0.238976 0.202395 0.0151789 -0.0123116 0.0773045 0.996816 0.310842 1.51661 0.194502 1.4763 0.0980734 0.919286 -0.0283718 0.0268949 -0.285017 0.0131511 -0.207068 0.266766 0.0153825 0.263778 0.508811 20.4609
state13: 0.0237725 -0.237874 0.202635 0.0166931 -0.0135397 0.085016 0.996148 0.341927 1.51127 0.213952 1.46693 0.107881 0.854215 -0.0309741 0.029818 -0.31333 0.0126439 -0.232308 0.290972 -0.00571859 0.291835 0.507782 20.4237
state14: 0.0259337 -0.236771 0.202874 0.0182062 -0.014767 0.092722 0.995416 0.373011 1.50593 0.233402 1.45756 0.117688 0.789144 -0.0335314 0.0327808 -0.341598 0.0118208 -0.258345 0.314669 -0.0311728 0.318248 0.506387 20.3837
state15: 0.0280948 -0.235669 0.203114 0.0197182 -0.0159934 0.100422 0.994621 0.404095 1.5006 0.252852 1.44819 0.127495 0.724072 -0.0360429 0.0357826 -0.369819 0.0106872 -0.285174 0.337845 -0.0608744 0.34253 0.504642 20.3498
state16: 0.0302559 -0.234567 0.203353 0.0212289 -0.0172187 0.108116 0.993762 0.435179 1.49526 0.272303 1.43882 0.137303 0.659001 -0.0385082 0.0388227 -0.397992 0.00924877 -0.312783 0.360486 -0.0946441 0.364208 0.502573 20.3399
state17: 0.0324171 -0.233464 0.203593 0.0227382 -0.0184429 0.115803 0.992841 0.466264 1.48992 0.291753 1.42945 0.14711 0.59393 -0.0409266 0.0419003 -0.426113 0.00751177 -0.341165 0.382584 -0.13222 0.382833 0.500209 20.331
state18: 0.0345782 -0.232362 0.203832 0.0242461 -0.0196659 0.123482 0.991856 0.497348 1.48458 0.311203 1.42008 0.156918 0.528858 -0.0432978 0.0450147 -0.454182 0.00548271 -0.370307 0.404129 -0.173251 0.397991 0.497583 20.3233
state19: 0.0367394 -0.23126 0.204072 0.0257524 -0.0208877 0.131154 0.990807 0.528432 1.47924 0.330653 1.41071 0.166725 0.463787 -0.0456211 0.0481651 -0.482196 0.00316854 -0.400197 0.425112 -0.217297 0.409318 0.494732 20.3169
state20: 0.0389005 -0.230157 0.204311 0.0272571 -0.0221082 0.138817 0.989696 0.559516 1.4739 0.350103 1.40134 0.176532 0.398716 -0.0478959 0.0513509 -0.510157 0.000576533 -0.43082 0.445527 -0.263835 0.416505 0.491695 20.3119
state21: 0.0410616 -0.229055 0.204551 0.0287601 -0.0233272 0.146472 0.988522 0.590601 1.46856 0.369553 1.39197 0.18634 0.333644 -0.0501219 0.0545711 -0.538061 -0.00228567 -0.462161 0.465367 -0.312275 0.419318 0.488507 20.3083
state22: 0.0432228 -0.227952 0.204791 0.0302612 -0.0245448 0.154117 0.987284 0.621685 1.46322 0.389004 1.3826 0.196147 0.268573 -0.0522985 0.0578252 -0.56591 -0.0054101 -0.494202 0.48463 -0.361979 0.417598 0.485205 20.3064
state23: 0.0453839 -0.22685 0.20503 0.0317604 -0.0257608 0.161752 0.985984 0.652769 1.45789 0.408454 1.37323 0.205954 0.203502 -0.0544252 0.0611122 -0.593702 -0.00878848 -0.526923 0.503313 -0.412295 0.411271 0.481821 20.3059
state24: 0.0475451 -0.225748 0.20527 0.0332576 -0.0269752 0.169377 0.984621 0.683853 1.45255 0.427904 1.36387 0.215762 0.13843 -0.0565015 0.0644313 -0.621438 -0.0124122 -0.560302 0.521414 -0.462584 0.400349 0.478385 20.3069
state25: 0.0497062 -0.224645 0.205509 0.0347527 -0.0281878 0.176991 0.983195 0.714938 1.44721 0.447354 1.3545 0.225569 0.0733588 -0.058527 0.067782 -0.649118 -0.0162725 -0.594315 0.538936 -0.512248 0.384918 0.474924 20.3091
state26: 0.0518673 -0.223543 0.205749 0.0362455 -0.0293987 0.184594 0.981706 0.746022 1.44187 0.466804 1.34513 0.235376 0.00828745 -0.0605012 0.0711632 -0.676743 -0.0203602 -0.628935 0.555882 -0.560759 0.36514 0.471461 20.3125
state27: 0.0540285 -0.222441 0.205988 0.0377361 -0.0306076 0.192185 0.980155 0.777106 1.43653 0.486255 1.33576 0.245184 -0.0567839 -0.0624236 0.0745742 -0.704315 -0.0246658 -0.664136 0.572255 -0.607672 0.341232 0.468017 20.3167
state28: 0.0561896 -0.221338 0.206228 0.0392242 -0.0318147 0.199764 0.978542 0.80819 1.43119 0.505705 1.32639 0.254991 -0.121855 -0.0642939 0.0780142 -0.731833 -0.0291798 -0.699886 0.588064 -0.652636 0.313459 0.46461 20.3216
state29: 0.0583508 -0.220236 0.206467 0.0407098 -0.0330197 0.20733 0.976866 0.839275 1.42585 0.525155 1.31702 0.264798 -0.186927 -0.0661115 0.0814824 -0.759301 -0.0338924 -0.736153 0.603318 -0.695392 0.282114 0.461255 20.327
state30: 0.0605119 -0.219133 0.206707 0.0421929 -0.0342226 0.214883 0.975128 0.870359 1.42051 0.544605 1.30765 0.274606 -0.251998 -0.067876 0.084978 -0.78672 -0.0387934 -0.772905 0.618027 -0.735767 0.247514 0.457968 20.3327
state31: 0.062673 -0.218031 0.206946 0.0436732 -0.0354233 0.222422 0.973327 0.901443 1.41518 0.564055 1.29828 0.284413 -0.317069 -0.0695871 0.0885002 -0.814092 -0.0438727 -0.810105 0.632205 -0.773665 0.209979 0.454758 20.3385
state32: 0.0648342 -0.216929 0.207186 0.0451508 -0.0366217 0.229947 0.971465 0.932527 1.40984 0.583505 1.28891 0.29422 -0.382141 -0.0712443 0.092048 -0.84142 -0.0491197 -0.847717 0.645868 -0.809053 0.16983 0.451635 20.3444
state33: 0.0669953 -0.215826 0.207425 0.0466255 -0.0378178 0.237458 0.969541 0.963612 1.4045 0.602956 1.27954 0.304028 -0.447212 -0.0728472 0.0956207 -0.868707 -0.0545239 -0.885703 0.659033 -0.841949 0.127381 0.448607 20.3503
state34: 0.0691565 -0.214724 0.207665 0.0480972 -0.0390116 0.244953 0.967555 0.994696 1.39916 0.622406 1.27017 0.313835 -0.512283 -0.0743955 0.0992175 -0.895956 -0.0600744 -0.924024 0.671721 -0.872404 0.08293 0.445678 20.3561
state35: 0.0713176 -0.213621 0.207904 0.0495659 -0.0402028 0.252433 0.965507 1.02578 1.39382 0.641856 1.2608 0.323642 -0.577355 -0.0758888 0.102837 -0.923169 -0.0657603 -0.962642 0.683952 -0.900497 0.0367609 0.442849 20.362
state36: 0.0734787 -0.212519 0.208144 0.0510314 -0.0413914 0.259897 0.963398 1.05686 1.38848 0.661306 1.25143 0.33345 -0.642426 -0.0773266 0.10648 -0.950351 -0.0715705 -1.00152 0.695751 -0.926323 -0.0108614 0.440121 20.3679
state37: 0.0756399 -0.211417 0.208383 0.0524936 -0.0425775 0.267344 0.961228 1.08795 1.38314 0.680756 1.24206 0.343257 -0.707497 -0.0787087 0.110144 -0.977505 -0.0774939 -1.04061 0.707144 -0.949981 -0.0596909 0.43749 20.374
state38: 0.077801 -0.210314 0.208623 0.0539525 -0.0437608 0.274774 0.958996 1.11903 1.3778 0.700207 1.23269 0.353064 -0.772569 -0.0800347 0.113828 -1.00463 -0.083519 -1.07988 0.718157 -0.971572 -0.1095 0.434951 20.3803
state39: 0.0799622 -0.209212 0.208862 0.055408 -0.0449413 0.282186 0.956703 1.15012 1.37247 0.719657 1.22332 0.362872 -0.83764 -0.0813042 0.117532 -1.03175 -0.0896344 -1.11928 0.72882 -0.991194 -0.160081 0.432494 20.3869
state40: 0.0821233 -0.20811 0.209102 0.0568599 -0.046119 0.289581 0.95435 1.1812 1.36713 0.739107 1.21395 0.372679 -0.902712 -0.082517 0.121255 -1.05884 -0.0958285 -1.15879 0.739164 -1.00893 -0.211241 0.430109 20.394
state41: 0.0842844 -0.207007 0.209342 0.0583082 -0.0472937 0.296957 0.951935 1.21229 1.36179 0.758557 1.20458 0.382486 -0.967783 -0.0836726 0.124996 -1.08592 -0.10209 -1.19836 0.749219 -1.02487 -0.262807 0.427782 20.4016
state42: 0.0864456 -0.205905 0.209581 0.0597528 -0.0484654 0.304314 0.94946 1.24337 1.35645 0.778007 1.19521 0.392294 -1.03285 -0.0847708 0.128755 -1.113 -0.108406 -1.23797 0.759019 -1.03906 -0.314617 0.425498 20.4099
state43: 0.0886067 -0.204802 0.209821 0.0611936 -0.049634 0.311652 0.946924 1.27445 1.35111 0.797457 1.18584 0.402101 -1.09793 -0.0858112 0.132529 -1.14008 -0.114766 -1.27757 0.768598 -1.05156 -0.366528 0.423238 20.4189
state44: 0.0907678 -0.2037 0.21006 0.0626305 -0.0507995 0.31897 0.944328 1.30554 1.34577 0.816908 1.17647 0.411908 -1.163 -0.0867936 0.136319 -1.16715 -0.121157 -1.31713 0.777991 -1.06238 -0.418405 0.420981 20.4286
state45: 0.092929 -0.202598 0.2103 0.0640634 -0.0519617 0.326267 0.941672 1.33662 1.34043 0.836358 1.1671 0.421716 -1.22807 -0.0877177 0.140123 -1.19424 -0.127568 -1.35663 0.787231 -1.07153 -0.470129 0.418706 20.4392
state46: 0.0950901 -0.201495 0.210539 0.0654922 -0.0531206 0.333544 0.938955 1.36771 1.33509 0.855808 1.15773 0.431523 -1.29314 -0.0885832 0.143941 -1.22133 -0.133986 -1.39603 0.796356 -1.079 -0.521588 0.416387 20.4508
state47: 0.0972513 -0.200393 0.210779 -0.0669169 0.0542762 -0.3408 -0.936179 1.39879 1.32976 0.875258 1.14836 0.44133 -1.35821 -0.0893898 0.147772 -1.24845 -0.140399 -1.43532 0.8054 -1.08472 -0.572681 0.413999 20.4632
state48: 0.0972513 -0.200393 0.210779 -0.0669169 0.0542762 -0.3408 -0.936179 1.39879 1.32976 0.875258 1.14836 0.44133 -1.35821 -0.0893898 0.147772 -1.24845 -0.140399 -1.43532 0.8054 -1.08472 -0.572681 0.413999 20.4632
state49: 0.0979728 -0.19469 0.220048 -0.0613003 0.05318 -0.347817 -0.934043 1.36314 1.31148 0.886276 1.16392 0.42803 -1.30004 -0.0783942 0.142469 -1.21626 -0.165932 -1.44597 0.779769 -1.12017 -0.545183 0.416965 20.4567
state50: 0.0986943 -0.188988 0.229318 -0.0556784 0.0520792 -0.354805 -0.931827 1.32749 1.2932 0.897295 1.17948 0.414729 -1.24186 -0.0674925 0.136996 -1.1837 -0.190764 -1.45667 0.754434 -1.15426 -0.516022 0.419443 20.449
state51: 0.0994158 -0.183285 0.238588 -0.0500517 0.0509739 -0.361762 -0.929529 1.29184 1.27493 0.908313 1.19505 0.401429 -1.18368 -0.0566867 0.131355 -1.15072 -0.214843 -1.46736 0.729394 -1.18694 -0.485319 0.421457 20.4403
state52: 0.100137 -0.177583 0.247858 -0.0444207 0.0498642 -0.368688 -0.927151 1.25619 1.25665 0.919331 1.21061 0.388128 -1.12551 -0.0459787 0.125548 -1.1173 -0.238116 -1.478 0.70465 -1.21818 -0.453201 0.423032 20.4309
state53: 0.100859 -0.17188 0.257128 -0.0387858 0.0487502 -0.375582 -0.924693 1.22054 1.23838 0.930349 1.22617 0.374828 -1.06733 -0.0353705 0.119577 -1.0834 -0.260528 -1.48856 0.680205 -1.24798 -0.4198 0.424198 20.4208
state54: 0.10158 -0.166177 0.266398 -0.0331476 0.047632 -0.382443 -0.922155 1.18489 1.2201 0.941368 1.24173 0.361527 -1.00916 -0.0248638 0.113445 -1.04901 -0.282028 -1.49898 0.656058 -1.27635 -0.385248 0.424986 20.4103
state55: 0.102302 -0.160475 0.275667 -0.0275065 0.0465096 -0.389271 -0.919537 1.14924 1.20183 0.952386 1.25729 0.348227 -0.950982 -0.0144602 0.107154 -1.01411 -0.302561 -1.50924 0.632213 -1.30333 -0.349676 0.425428 20.3994
state56: 0.103023 -0.154772 0.284937 -0.021863 0.0453832 -0.396066 -0.916839 1.11359 1.18355 0.963404 1.27286 0.334926 -0.892806 -0.00416133 0.100707 -0.97869 -0.322077 -1.5193 0.608672 -1.32897 -0.313209 0.425556 20.3883
state57: 0.103745 -0.14907 0.294207 -0.0162176 0.0442529 -0.402826 -0.914062 1.07794 1.16528 0.974422 1.28842 0.321626 -0.834631 0.00603133 0.0941044 -0.942755 -0.340523 -1.52912 0.585438 -1.35331 -0.27597 0.425404 20.3771
state58: 0.104466 -0.143367 0.303477 -0.0105708 0.0431188 -0.409551 -0.911206 1.04229 1.147 0.985441 1.30398 0.308325 -0.776455 0.0161164 0.0873498 -0.90631 -0.35785 -1.53867 0.562515 -1.3764 -0.238073 0.425005 20.3658
state59: 0.105188 -0.137665 0.312747 -0.00492313 0.0419809 -0.416241 -0.908271 1.00664 1.12873 0.996459 1.31954 0.295024 -0.71828 0.0260926 0.0804452 -0.869371 -0.374009 -1.54793 0.539906 -1.3983 -0.199621 0.42439 20.3546
state60: 0.105909 -0.131962 0.322016 0.000724995 0.0408394 -0.422895 -0.905258 0.970992 1.11045 1.00748 1.3351 0.281724 -0.660104 0.0359587 0.073393 -0.831963 -0.388954 -1.55685 0.517618 -1.41906 -0.160714 0.423592 20.3434
state61: 0.106631 -0.126259 0.331286 0.00637306 0.0396943 -0.429512 -0.902166 0.935342 1.09217 1.0185 1.35067 0.268423 -0.601928 0.0457135 0.0661954 -0.79412 -0.402642 -1.56541 0.495657 -1.43874 -0.121436 0.422637 20.3323
state62: 0.107352 -0.120557 0.340556 0.0120206 0.0385458 -0.436092 -0.898996 0.899692 1.0739 1.02951 1.36623 0.255123 -0.543753 0.055356 0.0588549 -0.755885 -0.415032 -1.57359 0.474028 -1.45738 -0.0818647 0.421554 20.3214
state63: 0.108074 -0.114854 0.349826 0.017667 0.037394 -0.442635 -0.895748 0.864042 1.05562 1.04053 1.38179 0.241822 -0.485577 0.0648853 0.0513737 -0.71731 -0.426089 -1.58136 0.45274 -1.47504 -0.0420652 0.420364 20.3107
state64: 0.108795 -0.109152 0.359096 0.023312 0.036239 -0.449139 -0.892422 0.828392 1.03735 1.05155 1.39735 0.228522 -0.427402 0.0743003 0.0437543 -0.678456 -0.43578 -1.58869 0.4318 -1.49174 -0.00209203 0.419088 20.3002
state65: 0.109517 -0.103449 0.368365 0.0289549 0.0350808 -0.455604 -0.88902 0.792742 1.01907 1.06257 1.41291 0.215221 -0.369226 0.0836003 0.0359988 -0.639391 -0.444079 -1.59556 0.411219 -1.50752 0.0380116 0.417743 20.29
state66: 0.110238 -0.0977466 0.377635 0.0345953 0.0339195 -0.462029 -0.88554 0.757092 1.0008 1.07359 1.42848 0.201921 -0.311051 0.0927844 0.0281098 -0.600191 -0.450964 -1.60195 0.391006 -1.52241 0.0782137 0.416339 20.28
state67: 0.11096 -0.092044 0.386905 0.0402327 0.0327554 -0.468415 -0.881984 0.721442 0.982522 1.0846 1.44404 0.18862 -0.252875 0.101852 0.0200895 -0.560939 -0.456417 -1.60783 0.371172 -1.53643 0.118494 0.414885 20.2704
state68: 0.111681 -0.0863414 0.396175 0.0458667 0.0315884 -0.47476 -0.878351 0.685792 0.964247 1.09562 1.4596 0.17532 -0.194699 0.110802 0.0119403 -0.521721 -0.460431 -1.61319 0.351729 -1.54961 0.158842 0.413383 20.261
state69: 0.112403 -0.0806389 0.405445 0.0514966 0.0304186 -0.481064 -0.874643 0.650142 0.945971 1.10664 1.47516 0.162019 -0.136524 0.119635 0.00366448 -0.482628 -0.462999 -1.61799 0.33269 -1.56195 0.199259 0.411833 20.252
state70: 0.113124 -0.0749363 0.414714 0.0571222 0.0292463 -0.487327 -0.870858 0.614492 0.927696 1.11766 1.49072 0.148718 -0.0783483 0.128349 -0.00473562 -0.443752 -0.464126 -1.62224 0.314068 -1.57346 0.239756 0.410228 20.2434
state71: 0.113846 -0.0692337 0.423984 0.0627427 0.0280714 -0.493547 -0.866999 0.578842 0.90942 1.12868 1.50629 0.135418 -0.0201727 0.136944 -0.0132577 -0.405186 -0.463819 -1.6259 0.295879 -1.58415 0.280356 0.408557 20.2351
state72: 0.114568 -0.0635311 0.433254 -0.0683579 -0.026894 0.499725 0.863064 0.543192 0.891145 1.1397 1.52185 0.122117 0.0380029 0.14542 -0.0218994 -0.367023 -0.462093 -1.62896 0.278137 -1.59402 0.321088 0.406807 20.2271
state73: 0.114568 -0.0635311 0.433254 -0.0683579 -0.026894 0.499725 0.863064 0.543192 0.891145 1.1397 1.52185 0.122117 0.0380029 0.14542 -0.0218994 -0.367023 -0.462093 -1.62896 0.278137 -1.59402 0.321088 0.406807 20.2271
state74: 0.115565 -0.0612857 0.436331 -0.0684121 -0.0225509 0.51268 0.855553 0.546765 0.900038 1.1467 1.49758 0.127722 0.0598413 0.140717 -0.0315653 -0.386178 -0.462729 -1.63907 0.270731 -1.6038 0.336975 0.405912 20.21
state75: 0.116563 -0.0590402 0.439408 -0.0684496 -0.0182023 0.525511 0.847833 0.550338 0.908931 1.1537 1.47331 0.133326 0.0816797 0.135729 -0.0410886 -0.405421 -0.462692 -1.64852 0.263524 -1.61309 0.353069 0.405046 20.1929
state76: 0.11756 -0.0567947 0.442486 -0.0684706 -0.0138493 0.538215 0.839908 0.55391 0.917824 1.1607 1.44904 0.138931 0.103518 0.130461 -0.0504609 -0.424714 -0.461981 -1.6573 0.256505 -1.6219 0.369342 0.404213 20.1757
state77: 0.118558 -0.0545493 0.445563 -0.0684749 -0.00949293 0.550787 0.831778 0.557483 0.926718 1.1677 1.42477 0.144535 0.125357 0.124915 -0.0596736 -0.444018 -0.460593 -1.66541 0.249656 -1.6302 0.385765 0.403421 20.1586
state78: 0.119555 -0.0523038 0.44864 -0.0684625 -0.00513423 0.563226 0.823446 0.561056 0.935611 1.17471 1.4005 0.15014 0.147195 0.119096 -0.0687183 -0.463296 -0.458531 -1.67283 0.242961 -1.63798 0.402309 0.402677 20.1416
state79: 0.120553 -0.0500583 0.451717 -0.0684335 -0.00077429 0.575528 0.814914 0.564628 0.944504 1.18171 1.37623 0.155744 0.169033 0.113006 -0.0775866 -0.48251 -0.455796 -1.67958 0.236401 -1.64524 0.418943 0.401986 20.1247
state80: 0.12155 -0.0478129 0.454794 -0.0683879 0.00358584 0.587689 0.806183 0.568201 0.953397 1.18871 1.35197 0.161349 0.190872 0.10665 -0.0862703 -0.501626 -0.452393 -1.68563 0.229955 -1.65195 0.435638 0.401355 20.1081
state81: 0.122548 -0.0455674 0.457871 -0.0683256 0.0079451 0.599708 0.797257 0.571774 0.96229 1.19571 1.3277 0.166953 0.21271 0.100031 -0.0947611 -0.520606 -0.448328 -1.69099 0.223601 -1.65812 0.452362 0.40079 20.0918
state82: 0.123545 -0.0433219 0.460949 -0.0682467 0.0123024 0.611581 0.788137 0.575346 0.971183 1.20271 1.30343 0.172557 0.234549 0.0931558 -0.103051 -0.539417 -0.443608 -1.69565 0.217315 -1.66373 0.469084 0.400296 20.0758
state83: 0.124543 -0.0410765 0.464026 -0.0681512 0.0166568 0.623305 0.778825 0.578919 0.980077 1.20972 1.27916 0.178162 0.256387 0.0860274 -0.111132 -0.558025 -0.438241 -1.69962 0.211072 -1.66876 0.485771 0.399879 20.0603
state84: 0.125541 -0.038831 0.467103 -0.0680392 0.021007 0.634878 0.769324 0.582491 0.98897 1.21672 1.25489 0.183766 0.278225 0.0786512 -0.118996 -0.5764 -0.432239 -1.70288 0.204847 -1.67322 0.502393 0.399545 20.0452
state85: 0.126538 -0.0365855 0.47018 -0.0679106 0.0253522 0.646296 0.759636 0.586064 0.997863 1.22372 1.23062 0.189371 0.300064 0.0710325 -0.126636 -0.594512 -0.425613 -1.70545 0.198612 -1.67708 0.518914 0.399296 20.0307
state86: 0.127536 -0.0343401 0.473257 -0.0677655 0.0296912 0.657558 0.749763 0.589637 1.00676 1.23072 1.20635 0.194975 0.321902 0.063177 -0.134043 -0.612332 -0.418375 -1.70733 0.192339 -1.68034 0.535304 0.399138 20.0169
state87: 0.128533 -0.0320946 0.476334 -0.0676039 0.034023 0.668659 0.739707 0.593209 1.01565 1.23772 1.18208 0.20058 0.343741 0.0550905 -0.141211 -0.629836 -0.410539 -1.70851 0.186 -1.68299 0.551528 0.399075 20.0037
state88: 0.129531 -0.0298491 0.479412 -0.0674259 0.0383466 0.679598 0.729472 0.596782 1.02454 1.24473 1.15781 0.206184 0.365579 0.0467793 -0.148132 -0.646998 -0.40212 -1.709 0.179564 -1.68503 0.567554 0.399108 19.9914
state89: 0.130528 -0.0276037 0.482489 -0.0672315 0.0426608 0.690371 0.71906 0.600355 1.03344 1.25173 1.13354 0.211789 0.387418 0.0382499 -0.154798 -0.663797 -0.393134 -1.70881 0.173003 -1.68645 0.583346 0.399241 19.9798
state90: 0.131526 -0.0253582 0.485566 -0.0670207 0.0469646 0.700977 0.708473 0.603927 1.04233 1.25873 1.10927 0.217393 0.409256 0.0295093 -0.161203 -0.680213 -0.383597 -1.70795 0.166287 -1.68724 0.598872 0.399476 19.9692
state91: 0.132523 -0.0231127 0.488643 -0.0667936 0.051257 0.711412 0.697713 0.6075 1.05122 1.26573 1.08501 0.222998 0.431094 0.0205646 -0.167341 -0.696228 -0.373527 -1.70642 0.159385 -1.6874 0.614098 0.399814 19.9595
state92: 0.133521 -0.0208672 0.49172 -0.0665504 0.0555369 0.721675 0.686784 0.611073 1.06012 1.27273 1.06074 0.228602 0.452933 0.0114234 -0.173204 -0.711825 -0.36294 -1.70423 0.152268 -1.68694 0.62899 0.400255 19.9509
state93: 0.134519 -0.0186218 0.494798 -0.0662909 0.0598034 0.731762 0.675688 0.614645 1.06901 1.27974 1.03647 0.234206 0.474771 0.00209362 -0.178786 -0.72699 -0.351856 -1.7014 0.144905 -1.68585 0.643515 0.4008 19.9434
state94: 0.135516 -0.0163763 0.497875 -0.0660153 0.0640553 0.74167 0.664427 0.618218 1.0779 1.28674 1.0122 0.239811 0.49661 -0.00741647 -0.184081 -0.741712 -0.340293 -1.69793 0.137268 -1.68413 0.65764 0.401448 19.9371
state95: 0.136514 -0.0141308 0.500952 -0.0657236 0.0682916 0.751399 0.653005 0.621791 1.08679 1.29374 0.98793 0.245415 0.518448 -0.0170983 -0.189084 -0.755978 -0.328271 -1.69385 0.129328 -1.6818 0.671331 0.402198 19.9319
state96: 0.137511 -0.0118854 0.504029 -0.065416 0.0725113 0.760945 0.641425 0.625363 1.09569 1.30074 0.963661 0.25102 0.540286 -0.0269429 -0.193788 -0.76978 -0.315807 -1.68917 0.121056 -1.67887 0.684557 0.403049 19.9281
state97: 0.138509 -0.00963991 0.507106 -0.0650925 0.0767134 0.770306 0.629688 0.628936 1.10458 1.30774 0.939391 0.256624 0.562125 -0.036941 -0.198188 -0.78311 -0.302922 -1.6839 0.112427 -1.67535 0.697287 0.403997 19.9256
state98: 0.139506 -0.00739444 0.510183 -0.0647531 0.0808969 0.779479 0.617798 0.632509 1.11347 1.31475 0.915122 0.262229 0.583963 -0.0470832 -0.20228 -0.795961 -0.289636 -1.67806 0.103414 -1.67125 0.70949 0.40504 19.9244
state99: 0.140504 -0.00514898 0.513261 -0.064398 0.0850606 0.788463 0.605758 0.636081 1.12237 1.32175 0.890853 0.267833 0.605802 -0.0573594 -0.206058 -0.808329 -0.275967 -1.67168 0.0939919 -1.66661 0.721137 0.406175 19.9247
state100: 0.141501 -0.00290351 0.516338 -0.0640273 0.0892037 0.797256 0.593571 0.639654 1.13126 1.32875 0.866584 0.273438 0.62764 -0.0677595 -0.209519 -0.820209 -0.261935 -1.66476 0.0841379 -1.66145 0.732201 0.407396 19.9264
state101: 0.142499 -0.000658041 0.519415 -0.063641 0.0933251 0.805854 0.581239 0.643227 1.14015 1.33575 0.842315 0.279042 0.649479 -0.078273 -0.212658 -0.8316 -0.24756 -1.65733 0.0738297 -1.65579 0.742654 0.408701 19.9297
state102: 0.143496 0.00158743 0.522492 -0.0632392 0.0974238 0.814257 0.568766 0.646799 1.14905 1.34275 0.818046 0.284647 0.671317 -0.0888893 -0.215472 -0.842497 -0.232861 -1.64941 0.063047 -1.64968 0.752473 0.410082 19.9345
state103: 0.144494 0.00383289 0.525569 -0.062822 0.101499 0.822462 0.556155 0.650372 1.15794 1.34976 0.793777 0.290251 0.693155 -0.0995973 -0.217957 -0.852901 -0.217857 -1.64102 0.0517711 -1.64316 0.761635 0.411535 19.9408
state104: 0.145492 0.00607836 0.528646 -0.0623895 0.105549 0.830466 0.543409 0.653945 1.16683 1.35676 0.769508 0.295855 0.714994 -0.110386 -0.220111 -0.862811 -0.202568 -1.63217 0.0399848 -1.63628 0.77012 0.413054 19.9488
state105: 0.146489 0.00832383 0.531724 -0.0619419 0.109574 0.838269 0.53053 0.657517 1.17573 1.36376 0.745239 0.30146 0.736832 -0.121244 -0.22193 -0.872227 -0.187012 -1.6229 0.0276728 -1.62908 0.777909 0.414632 19.9584
state106: 0.147487 0.0105693 0.534801 0.0614792 -0.113572 -0.845868 -0.517522 0.66109 1.18462 1.37076 0.72097 0.307064 0.758671 -0.132159 -0.223413 -0.881149 -0.171208 -1.61321 0.0148218 -1.62161 0.784988 0.416262 19.9696
state107: 0.147487 0.0105693 0.534801 0.0614792 -0.113572 -0.845868 -0.517522 0.66109 1.18462 1.37076 0.72097 0.307064 0.758671 -0.132159 -0.223413 -0.881149 -0.171208 -1.61321 0.0148218 -1.62161 0.784988 0.416262 19.9696
state108: 0.146039 0.0103284 0.538271 0.0682582 -0.115595 -0.852395 -0.505373 0.674402 1.17717 1.36567 0.713922 0.312069 0.711116 -0.132088 -0.23537 -0.905011 -0.183476 -1.62577 0.0288494 -1.63042 0.754599 0.415346 19.9461
state109: 0.144591 0.0100874 0.541742 0.0750208 -0.11759 -0.858717 -0.493102 0.687715 1.16971 1.36058 0.706873 0.317074 0.663561 -0.132369 -0.247324 -0.929003 -0.195467 -1.63832 0.0428203 -1.63854 0.724232 0.414314 19.9229
state110: 0.143143 0.0098465 0.545212 0.0817653 -0.119557 -0.864833 -0.480712 0.701027 1.16226 1.35549 0.699825 0.32208 0.616007 -0.133006 -0.259266 -0.953124 -0.207164 -1.65086 0.0567308 -1.64605 0.693889 0.413178 19.9002
state111: 0.141695 0.00960556 0.548683 0.0884902 -0.121495 -0.870741 -0.468207 0.714339 1.1548 1.3504 0.692776 0.327085 0.568452 -0.134001 -0.271185 -0.977373 -0.21855 -1.66339 0.0705771 -1.65299 0.663574 0.411948 19.8779
state112: 0.140247 0.00936463 0.552154 0.0951938 -0.123404 -0.87644 -0.455589 0.727652 1.14735 1.34531 0.685728 0.33209 0.520897 -0.135357 -0.283071 -1.00175 -0.229608 -1.67589 0.0843554 -1.65942 0.633288 0.410637 19.856
state113: 0.138799 0.00912369 0.555624 0.101875 -0.125283 -0.881929 -0.442862 0.740964 1.1399 1.34022 0.678679 0.337095 0.473343 -0.137077 -0.294915 -1.02624 -0.240322 -1.68836 0.0980623 -1.66537 0.60303 0.409253 19.8346
state114: 0.137352 0.00888276 0.559095 0.108531 -0.127132 -0.887205 -0.430029 0.754276 1.13244 1.33513 0.671631 0.3421 0.425788 -0.139164 -0.306705 -1.05086 -0.250675 -1.70079 0.111695 -1.67088 0.572799 0.407807 19.8138
state115: 0.135904 0.00864183 0.562565 0.115161 -0.128951 -0.892269 -0.417092 0.767589 1.12499 1.33004 0.664583 0.347105 0.378233 -0.14162 -0.318432 -1.07558 -0.260651 -1.71318 0.125249 -1.67597 0.542591 0.406309 19.7935
state116: 0.134456 0.00840089 0.566036 0.121764 -0.130738 -0.897118 -0.404055 0.780901 1.11753 1.32495 0.657534 0.35211 0.330679 -0.144449 -0.330085 -1.10041 -0.270233 -1.72552 0.138722 -1.68067 0.512402 0.404769 19.7737
state117: 0.133008 0.00815996 0.569506 0.128337 -0.132494 -0.901751 -0.390921 0.794214 1.11008 1.31986 0.650486 0.357115 0.283124 -0.147654 -0.341654 -1.12534 -0.279407 -1.7378 0.152112 -1.68501 0.482227 0.403194 19.7545
state118: 0.13156 0.00791903 0.572977 0.134879 -0.134219 -0.906168 -0.377693 0.807526 1.10263 1.31477 0.643437 0.36212 0.235569 -0.151236 -0.353127 -1.15035 -0.288156 -1.75001 0.165414 -1.689 0.452059 0.401594 19.736
state119: 0.130112 0.00767809 0.576447 0.141389 -0.135911 -0.910367 -0.364375 0.820838 1.09517 1.30968 0.636389 0.367125 0.188015 -0.155197 -0.364495 -1.17544 -0.296467 -1.76214 0.178627 -1.69266 0.421889 0.399977 19.7181
state120: 0.128664 0.00743716 0.579918 0.147865 -0.13757 -0.914348 -0.350968 0.834151 1.08772 1.30459 0.629341 0.37213 0.14046 -0.159541 -0.375746 -1.20059 -0.304324 -1.77418 0.191747 -1.696 0.391709 0.39835 19.7008
state121: 0.127217 0.00719622 0.583388 0.154306 -0.139197 -0.918108 -0.337478 0.847463 1.08026 1.2995 0.622292 0.377135 0.0929053 -0.164269 -0.386869 -1.2258 -0.311714 -1.78613 0.204772 -1.69904 0.361508 0.396722 19.6843
state122: 0.125769 0.00695529 0.586859 0.160709 -0.14079 -0.921648 -0.323906 0.860775 1.07281 1.29441 0.615244 0.38214 0.0453507 -0.169383 -0.397854 -1.25103 -0.318625 -1.79797 0.2177 -1.70178 0.331274 0.395098 19.6684
state123: 0.124321 0.00671436 0.590329 0.167074 -0.142349 -0.924967 -0.310257 0.874088 1.06536 1.28932 0.608195 0.387145 -0.00220399 -0.174884 -0.408688 -1.27628 -0.325044 -1.8097 0.230526 -1.70423 0.300995 0.393486 19.6533
state124: 0.122873 0.00647342 0.5938 0.173399 -0.143874 -0.928063 -0.296533 0.8874 1.0579 1.28423 0.601147 0.39215 -0.0497587 -0.180773 -0.419361 -1.30154 -0.33096 -1.82129 0.24325 -1.70641 0.270657 0.391891 19.639
state125: 0.121425 0.00623249 0.597271 0.179682 -0.145364 -0.930937 -0.282737 0.900713 1.05045 1.27914 0.594098 0.397155 -0.0973133 -0.187051 -0.429862 -1.32677 -0.336364 -1.83275 0.255868 -1.70831 0.240245 0.390318 19.6254
state126: 0.119977 0.00599156 0.600741 0.185922 -0.14682 -0.933586 -0.268874 0.914025 1.04299 1.27405 0.58705 0.402161 -0.144868 -0.193718 -0.440178 -1.35196 -0.341246 -1.84406 0.268376 -1.70995 0.209743 0.388772 19.6126
state127: 0.118529 0.00575062 0.604212 0.192117 -0.14824 -0.936012 -0.254946 0.927337 1.03554 1.26896 0.580002 0.407166 -0.192423 -0.200775 -0.450298 -1.37709 -0.345598 -1.85521 0.280774 -1.71133 0.179134 0.387258 19.6006
state128: 0.117082 0.00550969 0.607682 0.198266 -0.149624 -0.938212 -0.240957 0.94065 1.02809 1.26386 0.572953 0.412171 -0.239977 -0.20822 -0.460212 -1.40214 -0.349413 -1.86618 0.293057 -1.71245 0.1484 0.385777 19.5895
state129: 0.115634 0.00526875 0.611153 0.204368 -0.150973 -0.940188 -0.22691 0.953962 1.02063 1.25877 0.565905 0.417176 -0.287532 -0.216052 -0.469906 -1.42708 -0.352686 -1.87697 0.305222 -1.71332 0.117523 0.384334 19.5791
state130: 0.114186 0.00502782 0.614623 0.21042 -0.152285 -0.941937 -0.212809 0.967274 1.01318 1.25368 0.558856 0.422181 -0.335087 -0.22427 -0.47937 -1.45188 -0.355412 -1.88756 0.317266 -1.71395 0.0864835 0.38293 19.5695
state131: 0.112738 0.00478689 0.618094 0.216422 -0.153561 -0.94346 -0.198656 0.980587 1.00572 1.24859 0.551808 0.427186 -0.382641 -0.23287 -0.488591 -1.47652 -0.35759 -1.89794 0.329187 -1.71433 0.0552617 0.381566 19.5608
state132: 0.11129 0.00454595 0.621564 0.222371 -0.1548 -0.944756 -0.184456 0.993899 0.99827 1.2435 0.54476 0.432191 -0.430196 -0.241851 -0.497558 -1.50098 -0.359217 -1.90809 0.34098 -1.71447 0.0238371 0.380242 19.5529
state133: 0.109842 0.00430502 0.625035 0.228268 -0.156001 -0.945825 -0.170211 1.00721 0.990816 1.23841 0.537711 0.437196 -0.477751 -0.251206 -0.506259 -1.52523 -0.360293 -1.91801 0.352641 -1.71437 -0.0078113 0.378958 19.5457
state134: 0.108394 0.00406408 0.628505 0.234109 -0.157166 -0.946667 -0.155926 1.02052 0.983362 1.23332 0.530663 0.442201 -0.525305 -0.260933 -0.514684 -1.54923 -0.36082 -1.92768 0.364167 -1.71403 -0.0397047 0.377714 19.5394
state135: 0.106946 0.00382315 0.631976 0.239895 -0.158292 -0.947282 -0.141603 1.03384 0.975908 1.22823 0.523614 0.447206 -0.57286 -0.271024 -0.522819 -1.57297 -0.360801 -1.93709 0.375553 -1.71346 -0.0718645 0.376505 19.5338
state136: 0.105499 0.00358222 0.635446 0.245622 -0.15938 -0.947669 -0.127246 1.04715 0.968454 1.22314 0.516566 0.452211 -0.620415 -0.281473 -0.530654 -1.59642 -0.360239 -1.94622 0.386795 -1.71266 -0.104312 0.37533 19.5291
state137: 0.104051 0.00334128 0.638917 0.251291 -0.16043 -0.947828 -0.112858 1.06046 0.961 1.21805 0.509518 0.457216 -0.667969 -0.292273 -0.538178 -1.61955 -0.359142 -1.95506 0.397887 -1.71162 -0.13707 0.374185 19.525
state138: 0.102603 0.00310035 0.642388 0.256899 -0.161442 -0.94776 -0.0984434 1.07377 0.953546 1.21296 0.502469 0.462221 -0.715524 -0.303414 -0.54538 -1.64233 -0.357517 -1.9636 0.408825 -1.71036 -0.170158 0.373064 19.5217
state139: 0.101155 0.00285942 0.645858 0.262445 -0.162415 -0.947463 -0.084005 1.08709 0.946092 1.20787 0.495421 0.467226 -0.763079 -0.314888 -0.552248 -1.66475 -0.355371 -1.97182 0.419603 -1.70887 -0.203598 0.371962 19.5192
state140: 0.0997071 0.00261848 0.649329 0.267929 -0.163348 -0.94694 -0.0695465 1.1004 0.938638 1.20278 0.488372 0.472231 -0.810633 -0.326682 -0.558772 -1.68676 -0.352716 -1.97971 0.430215 -1.70715 -0.237411 0.370873 19.5173
state141: 0.0982593 0.00237755 0.652799 0.273348 -0.164243 -0.946188 -0.0550712 1.11371 0.931184 1.19769 0.481324 0.477236 -0.858188 -0.338785 -0.564943 -1.70836 -0.349563 -1.98726 0.440654 -1.7052 -0.271617 0.369788 19.5161
state142: 0.0968114 0.00213661 0.65627 0.278701 -0.165098 -0.94521 -0.0405827 1.12702 0.92373 1.1926 0.474275 0.482242 -0.905743 -0.351185 -0.570749 -1.72951 -0.345924 -1.99445 0.450914 -1.70302 -0.306235 0.3687 19.5155
state143: 0.0953635 0.00189568 0.65974 0.283988 -0.165913 -0.944004 -0.0260845 1.14034 0.916276 1.18751 0.467227 0.487247 -0.953297 -0.363865 -0.576182 -1.7502 -0.341814 -2.00128 0.460987 -1.70061 -0.341285 0.367599 19.5156
state144: 0.0939157 0.00165475 0.663211 0.289206 -0.166689 -0.942571 -0.0115799 1.15365 0.908822 1.18242 0.460179 0.492252 -1.00085 -0.376812 -0.581233 -1.77039 -0.337247 -2.00772 0.470866 -1.69796 -0.376785 0.366476 19.5162
state145: 0.0924678 0.00141381 0.666681 0.294355 -0.167424 -0.940912 0.00292735 1.16696 0.901368 1.17733 0.45313 0.497257 -1.04841 -0.390008 -0.585893 -1.79008 -0.332241 -2.01377 0.480543 -1.69507 -0.412752 0.36532 19.5174
state146: 0.0910199 0.00117288 0.670152 0.299433 -0.168119 -0.939027 0.0174339 1.18027 0.893914 1.17224 0.446082 0.502262 -1.09596 -0.403436 -0.590154 -1.80925 -0.326813 -2.01941 0.490008 -1.69193 -0.449202 0.364119 19.5191
state147: 0.0895721 0.000931945 0.673622 0.304439 -0.168774 -0.936916 0.0319363 1.19358 0.88646 1.16715 0.439033 0.507267 -1.14352 -0.417078 -0.594008 -1.82787 -0.32098 -2.02464 0.499252 -1.68853 -0.486149 0.362863 19.5212
state148: 0.0881242 0.000691011 0.677093 0.309371 -0.169389 -0.934581 0.0464311 1.2069 0.879006 1.16206 0.431985 0.512272 -1.19107 -0.430913 -0.597449 -1.84594 -0.314763 -2.02944 0.508266 -1.68487 -0.523609 0.361538 19.5239
state149: 0.0866763 0.000450078 0.680564 0.31423 -0.169962 -0.93202 0.0609147 1.22021 0.871552 1.15697 0.424937 0.517277 -1.23863 -0.444921 -0.600471 -1.86342 -0.308182 -2.0338 0.517039 -1.68091 -0.561594 0.360133 19.5268
state150: 0.0852285 0.000209144 0.684034 0.319013 -0.170495 -0.929236 0.0753836 1.23352 0.864098 1.15188 0.417888 0.522282 -1.28618 -0.45908 -0.603068 -1.88033 -0.301256 -2.03772 0.52556 -1.67666 -0.600114 0.358634 19.5302
state151: 0.0837806 -3.179e-05 0.687505 0.32372 -0.170987 -0.926228 0.0898344 1.24683 0.856644 1.14679 0.41084 0.527287 -1.33373 -0.473369 -0.605235 -1.89663 -0.294009 -2.04118 0.533819 -1.67207 -0.639181 0.357028 19.5337
state152: 0.0823327 -0.000272724 0.690975 0.328348 -0.171437 -0.922998 0.104264 1.26015 0.84919 1.1417 0.403791 0.532292 -1.38129 -0.487765 -0.606969 -1.91233 -0.286462 -2.04419 0.541803 -1.66712 -0.678801 0.355303 19.5375
state153: 0.0808849 -0.000513658 0.694446 0.332898 -0.171847 -0.919546 0.118668 1.27346 0.841736 1.13661 0.396743 0.537297 -1.42884 -0.502244 -0.608265 -1.9274 -0.278638 -2.04673 0.5495 -1.66177 -0.718983 0.353445 19.5413
state154: 0.079437 -0.000754591 0.697916 -0.337368 0.172215 0.915874 -0.133044 1.28677 0.834282 1.13152 0.389694 0.542302 -1.4764 -0.516781 -0.609123 -1.94186 -0.270561 -2.0488 0.556897 -1.65597 -0.759732 0.351443 19.5451
state155: 0.079437 -0.000754591 0.697916 -0.337368 0.172215 0.915874 -0.133044 1.28677 0.834282 1.13152 0.389694 0.542302 -1.4764 -0.516781 -0.609123 -1.94186 -0.270561 -2.0488 0.556897 -1.65597 -0.759732 0.351443 19.5451
state156: 0.0916977 0.0086182 0.712831 -0.329299 0.161644 0.920028 -0.137772 1.28164 0.827233 1.09044 0.403335 0.582829 -1.43175 -0.488225 -0.596062 -1.92329 -0.301378 -2.06933 0.517263 -1.67138 -0.730302 0.347956 19.5455
state157: 0.103958 0.017991 0.727746 -0.321158 0.151039 0.923984 -0.142471 1.27651 0.820185 1.04937 0.416976 0.623356 -1.38711 -0.459986 -0.582907 -1.90469 -0.332281 -2.08517 0.476586 -1.6852 -0.702233 0.344512 19.5432
state158: 0.116219 0.0273638 0.742661 -0.312948 0.140401 0.92774 -0.147139 1.27138 0.813136 1.00829 0.430617 0.663883 -1.34247 -0.432046 -0.569668 -1.88602 -0.363259 -2.09658 0.435135 -1.69764 -0.675573 0.341138 19.5386
state159: 0.12848 0.0367366 0.757576 -0.304671 0.129732 0.931295 -0.151775 1.26624 0.806088 0.967214 0.444258 0.70441 -1.29782 -0.404392 -0.556358 -1.86722 -0.394298 -2.1038 0.393157 -1.70889 -0.650352 0.337857 19.5319
state160: 0.14074 0.0461094 0.772491 -0.296327 0.119035 0.934648 -0.156378 1.26111 0.799039 0.926138 0.457899 0.744937 -1.25318 -0.377008 -0.542986 -1.84827 -0.425385 -2.10705 0.350877 -1.7191 -0.626582 0.334692 19.5237
state161: 0.153001 0.0554821 0.787406 -0.28792 0.108313 0.937799 -0.160947 1.25598 0.79199 0.885063 0.47154 0.785463 -1.20853 -0.349877 -0.529563 -1.82911 -0.456506 -2.10652 0.3085 -1.72842 -0.604264 0.331662 19.5142
state162: 0.165262 0.0648549 0.802321 -0.27945 0.0975668 0.940747 -0.165482 1.25085 0.784942 0.843987 0.485181 0.82599 -1.16389 -0.322987 -0.5161 -1.80968 -0.487647 -2.10239 0.266215 -1.73699 -0.583384 0.328786 19.5039
state163: 0.177522 0.0742277 0.817236 -0.270919 0.0867997 0.943491 -0.169981 1.24572 0.777893 0.802911 0.498822 0.866517 -1.11924 -0.296321 -0.502606 -1.78995 -0.518795 -2.09481 0.2242 -1.74494 -0.563916 0.326082 19.4931
state164: 0.189783 0.0836005 0.832151 -0.26233 0.0760138 0.946031 -0.174442 1.24059 0.770845 0.761836 0.512463 0.907044 -1.0746 -0.269866 -0.489092 -1.76983 -0.549935 -2.0839 0.182619 -1.75238 -0.545827 0.323565 19.4823
state165: 0.202044 0.0929733 0.847066 -0.253684 0.0652115 0.948366 -0.178867 1.23545 0.763796 0.72076 0.526104 0.947571 -1.02995 -0.243608 -0.475567 -1.74928 -0.581052 -2.06979 0.141629 -1.75944 -0.529072 0.321247 19.4717
state166: 0.214305 0.102346 0.861981 -0.244983 0.0543951 0.950496 -0.183252 1.23032 0.756748 0.679684 0.539744 0.988098 -0.98531 -0.217534 -0.46204 -1.72822 -0.612129 -2.05256 0.101378 -1.76625 -0.513599 0.31914 19.4618
state167: 0.226565 0.111719 0.876896 -0.23623 0.0435669 0.95242 -0.187598 1.22519 0.749699 0.638608 0.553385 1.02862 -0.940665 -0.191629 -0.448521 -1.70658 -0.643149 -2.03231 0.0620061 -1.77294 -0.499348 0.317252 19.4529
state168: 0.238826 0.121092 0.891811 -0.227425 0.0327292 0.954138 -0.191903 1.22006 0.742651 0.597533 0.567026 1.06915 -0.896021 -0.165882 -0.435019 -1.68426 -0.674093 -2.00912 0.0236493 -1.77964 -0.486253 0.315587 19.4454
state169: 0.251087 0.130464 0.906726 -0.21857 0.0218845 0.95565 -0.196167 1.21493 0.735602 0.556457 0.580667 1.10968 -0.851376 -0.14028 -0.421541 -1.66118 -0.704941 -1.98304 -0.0135632 -1.78649 -0.474241 0.314147 19.4396
state170: 0.263347 0.139837 0.921641 -0.209669 0.0110351 0.956955 -0.200388 1.20979 0.728554 0.515381 0.594308 1.15021 -0.806732 -0.11481 -0.408098 -1.63723 -0.735671 -1.95415 -0.0495078 -1.79363 -0.463234 0.312929 19.4359
state171: 0.275608 0.14921 0.936556 -0.200722 0.000183204 0.958052 -0.204565 1.20466 0.721505 0.474306 0.607949 1.19073 -0.762087 -0.089461 -0.394697 -1.61228 -0.766258 -1.92251 -0.0840663 -1.80121 -0.453146 0.311928 19.4344
state172: 0.287869 0.158583 0.951471 -0.191731 -0.0106687 0.958942 -0.208699 1.19953 0.714457 0.43323 0.62159 1.23126 -0.717443 -0.0642214 -0.381348 -1.58621 -0.796675 -1.88819 -0.117127 -1.80937 -0.443886 0.311131 19.4354
state173: 0.300129 0.167956 0.966386 -0.1827 -0.0215183 0.959625 -0.212787 1.1944 0.707408 0.392154 0.635231 1.27179 -0.672798 -0.0390799 -0.368057 -1.55887 -0.82689 -1.85126 -0.148586 -1.81828 -0.43536 0.310521 19.4392
state174: 0.31239 0.177328 0.9813 -0.173628 -0.0323632 0.960099 -0.216829 1.18927 0.700359 0.351078 0.648872 1.31231 -0.628154 -0.0140258 -0.354834 -1.53007 -0.85687 -1.8118 -0.178346 -1.82807 -0.427464 0.310074 19.4458
state175: 0.324651 0.186701 0.996215 -0.164519 -0.0432011 0.960366 -0.220825 1.18414 0.693311 0.310003 0.662513 1.35284 -0.58351 0.0109513 -0.341687 -1.49964 -0.886573 -1.7699 -0.20632 -1.83891 -0.42009 0.30976 19.4554
state176: 0.336911 0.196074 1.01113 -0.155374 -0.0540297 0.960425 -0.224772 1.179 0.686262 0.268927 0.676154 1.39337 -0.538865 0.0358615 -0.328623 -1.46734 -0.915955 -1.72566 -0.232433 -1.85093 -0.413125 0.309538 19.468
state177: 0.349172 0.205447 1.02605 -0.146196 -0.0648465 0.960277 -0.228671 1.17387 0.679214 0.227851 0.689795 1.43389 -0.494221 0.0607146 -0.31565 -1.43292 -0.944962 -1.6792 -0.256622 -1.86428 -0.40645 0.309356 19.4836
state178: 0.361433 0.21482 1.04096 -0.136986 -0.0756494 0.95992 -0.23252 1.16874 0.672165 0.186775 0.703435 1.47442 -0.449576 0.08552 -0.302777 -1.39609 -0.973533 -1.63063 -0.278838 -1.8791 -0.399942 0.309151 19.5021
state179: 0.373693 0.224192 1.05588 -0.127747 -0.0864358 0.959355 -0.236319 1.16361 0.665117 0.1457 0.717076 1.51495 -0.404932 0.110287 -0.29001 -1.35652 -1.0016 -1.58011 -0.299048 -1.8955 -0.393474 0.308841 19.5232
state180: 0.385954 0.233565 1.07079 0.118479 0.0972036 -0.958583 0.240067 1.15848 0.658068 0.104624 0.730717 1.55547 -0.360287 0.135024 -0.277358 -1.31383 -1.02906 -1.52779 -0.317237 -1.9136 -0.386917 0.308328 19.5468
state181: 0.385954 0.233565 1.07079 0.118479 0.0972036 -0.958583 0.240067 1.15848 0.658068 0.104624 0.730717 1.55547 -0.360287 0.135024 -0.277358 -1.31383 -1.02906 -1.52779 -0.317237 -1.9136 -0.386917 0.308328 19.5468
state182: 0.391387 0.235842 1.07412 0.118956 0.0914472 -0.962441 0.226262 1.15933 0.668342 0.115689 0.697182 1.5336 -0.356023 0.127264 -0.273765 -1.31525 -1.01134 -1.53329 -0.33377 -1.93 -0.382976 0.310581 19.5534
state183: 0.396821 0.238118 1.07745 0.119404 0.085669 -0.966069 0.212403 1.16018 0.678615 0.126754 0.663647 1.51172 -0.351758 0.119412 -0.27038 -1.31697 -0.993543 -1.53884 -0.35018 -1.94638 -0.379665 0.312789 19.5601
state184: 0.402254 0.240395 1.08078 0.119824 0.0798703 -0.969466 0.198492 1.16103 0.688888 0.137819 0.630112 1.48985 -0.347493 0.111473 -0.267206 -1.31896 -0.975689 -1.54444 -0.366469 -1.96274 -0.376984 0.314952 19.5667
state185: 0.407687 0.242672 1.08411 0.120215 0.0740525 -0.972631 0.184535 1.16188 0.699162 0.148884 0.596577 1.46797 -0.343229 0.103453 -0.264245 -1.3212 -0.95778 -1.55008 -0.382638 -1.97905 -0.374938 0.317075 19.5733
state186: 0.41312 0.244948 1.08744 0.120577 0.0682171 -0.975564 0.170533 1.16273 0.709435 0.159949 0.563042 1.4461 -0.338964 0.0953567 -0.261499 -1.32369 -0.93982 -1.55576 -0.398689 -1.9953 -0.373526 0.319157 19.58
state187: 0.418553 0.247225 1.09077 0.120911 0.0623653 -0.978265 0.156491 1.16358 0.719709 0.171014 0.529507 1.42422 -0.334699 0.0871909 -0.25897 -1.32639 -0.921816 -1.56148 -0.414623 -2.0115 -0.372752 0.321202 19.5866
state188: 0.423987 0.249502 1.09411 0.121216 0.0564987 -0.980731 0.142411 1.16444 0.729982 0.182079 0.495972 1.40234 -0.330435 0.078961 -0.25666 -1.3293 -0.903773 -1.56723 -0.430444 -2.02761 -0.372615 0.323211 19.5934
state189: 0.42942 0.251778 1.09744 0.121491 0.0506186 -0.982964 0.128298 1.16529 0.740256 0.193144 0.462437 1.38047 -0.32617 0.070673 -0.254572 -1.33241 -0.885696 -1.57301 -0.446152 -2.04364 -0.373116 0.325184 19.6002
state190: 0.434853 0.254055 1.10077 0.121738 0.0447264 -0.984961 0.114153 1.16614 0.750529 0.204209 0.428902 1.35859 -0.321905 0.0623327 -0.252707 -1.33571 -0.86759 -1.57882 -0.46175 -2.05956 -0.374256 0.327123 19.6071
state191: 0.440286 0.256332 1.1041 0.121956 0.0388235 -0.986723 0.0999816 1.16699 0.760802 0.215274 0.395367 1.33672 -0.317641 0.0539461 -0.251065 -1.33918 -0.849461 -1.58466 -0.477239 -2.07537 -0.376034 0.329028 19.6142
state192: 0.44572 0.258608 1.10743 0.122144 0.0329113 -0.98825 0.0857861 1.16784 0.771076 0.226338 0.361832 1.31484 -0.313376 0.045519 -0.24965 -1.34281 -0.831312 -1.59051 -0.492624 -2.09106 -0.37845 0.3309 19.6213
state193: 0.451153 0.260885 1.11076 0.122303 0.0269913 -0.989541 0.0715701 1.16869 0.781349 0.237403 0.328297 1.29297 -0.309111 0.0370576 -0.24846 -1.3466 -0.813151 -1.59638 -0.507905 -2.1066 -0.381502 0.332739 19.6286
state194: 0.456586 0.263162 1.11409 0.122434 0.0210648 -0.990595 0.057337 1.16954 0.791623 0.248468 0.294762 1.27109 -0.304847 0.0285677 -0.247499 -1.35055 -0.79498 -1.60226 -0.523087 -2.12199 -0.385188 0.334545 19.636
state195: 0.462019 0.265438 1.11742 0.122534 0.0151333 -0.991413 0.0430902 1.17039 0.801896 0.259533 0.261227 1.24922 -0.300582 0.0200554 -0.246765 -1.35464 -0.776807 -1.60815 -0.538171 -2.13722 -0.389508 0.336317 19.6436
state196: 0.467453 0.267715 1.12075 0.122606 0.00919816 -0.991994 0.0288332 1.17125 0.81217 0.270598 0.227693 1.22734 -0.296318 0.0115268 -0.246261 -1.35887 -0.758635 -1.61404 -0.553162 -2.15228 -0.394457 0.338055 19.6514
state197: 0.472886 0.269991 1.12408 0.122648 0.00326084 -0.992338 0.0145692 1.1721 0.822443 0.281663 0.194158 1.20546 -0.292053 0.00298788 -0.245985 -1.36323 -0.74047 -1.61992 -0.568063 -2.16714 -0.400035 0.339757 19.6593
state198: 0.478319 0.272268 1.12741 0.122661 -0.00267725 -0.992445 0.000301796 1.17295 0.832717 0.292728 0.160623 1.18359 -0.287788 -0.00555529 -0.24594 -1.36772 -0.722317 -1.6258 -0.582877 -2.18181 -0.406236 0.341423 19.6674
state199: 0.483752 0.274545 1.13074 0.122645 -0.00861471 -0.992315 -0.0139657 1.1738 0.84299 0.303793 0.127088 1.16171 -0.283524 -0.0140966 -0.246123 -1.37233 -0.704181 -1.63166 -0.597609 -2.19627 -0.413058 0.34305 19.6757
state200: 0.489185 0.276821 1.13407 0.1226 -0.0145501 -0.991948 -0.0282299 1.17465 0.853263 0.314858 0.0935526 1.13984 -0.279259 -0.0226301 -0.246536 -1.37707 -0.686067 -1.6375 -0.612264 -2.21051 -0.420496 0.344636 19.6841
state201: 0.494619 0.279098 1.13741 0.122525 -0.020482 -0.991344 -0.0424873 1.1755 0.863537 0.325923 0.0600176 1.11796 -0.274994 -0.0311496 -0.247178 -1.38193 -0.667981 -1.64332 -0.626846 -2.22451 -0.428547 0.346179 19.6928
state202: 0.500052 0.281375 1.14074 0.122421 -0.0264091 -0.990503 -0.0567346 1.17635 0.87381 0.336988 0.0264826 1.09609 -0.27073 -0.0396492 -0.248049 -1.3869 -0.649926 -1.64912 -0.641359 -2.23828 -0.437205 0.347676 19.7016
state203: 0.505485 0.283651 1.14407 0.122287 -0.0323298 -0.989426 -0.0709683 1.1772 0.884084 0.348053 -0.00705238 1.07421 -0.266465 -0.0481227 -0.249147 -1.39199 -0.63191 -1.65487 -0.65581 -2.25179 -0.446465 0.349125 19.7107
state204: 0.510918 0.285928 1.1474 0.122125 -0.0382428 -0.988113 -0.0851851 1.17806 0.894357 0.359118 -0.0405874 1.05234 -0.2622 -0.0565643 -0.250472 -1.39718 -0.613936 -1.66059 -0.670203 -2.26504 -0.456322 0.350521 19.7199
state205: 0.516352 0.288205 1.15073 0.121933 -0.0441467 -0.986563 -0.0993815 1.17891 0.904631 0.370183 -0.0741224 1.03046 -0.257936 -0.0649678 -0.252023 -1.40249 -0.596011 -1.66626 -0.684545 -2.27803 -0.466771 0.351861 19.7293
state206: 0.521785 0.290481 1.15406 0.121712 -0.05004 -0.984778 -0.113554 1.17976 0.914904 0.381248 -0.107657 1.00858 -0.253671 -0.0733273 -0.253799 -1.4079 -0.578138 -1.67189 -0.698842 -2.29073 -0.477805 0.353141 19.7389
state207: 0.527218 0.292758 1.15739 0.121462 -0.0559214 -0.982758 -0.1277 1.18061 0.925177 0.392313 -0.141192 0.986709 -0.249406 -0.0816369 -0.255799 -1.41342 -0.560324 -1.67746 -0.713099 -2.30315 -0.489418 0.354355 19.7486
state208: 0.532651 0.295035 1.16072 0.121183 -0.0617894 -0.980503 -0.141815 1.18146 0.935451 0.403378 -0.174727 0.964833 -0.245142 -0.0898908 -0.25802 -1.41905 -0.542574 -1.68297 -0.727325 -2.31527 -0.501603 0.3555 19.7585
state209: 0.538085 0.297311 1.16405 0.120876 -0.0676427 -0.978013 -0.155896 1.18231 0.945724 0.414443 -0.208262 0.942958 -0.240877 -0.0980829 -0.260461 -1.42478 -0.524893 -1.68841 -0.741525 -2.3271 -0.514355 0.356569 19.7686
state210: 0.543518 0.299588 1.16738 0.120539 -0.0734798 -0.97529 -0.16994 1.18316 0.955998 0.425507 -0.241797 0.921082 -0.236612 -0.106208 -0.263121 -1.43061 -0.507286 -1.69379 -0.755707 -2.33861 -0.527667 0.357558 19.7788
state211: 0.548951 0.301864 1.17071 0.120173 -0.0792993 -0.972335 -0.183943 1.18401 0.966271 0.436572 -0.275332 0.899207 -0.232348 -0.114259 -0.265996 -1.43654 -0.489759 -1.6991 -0.769878 -2.34981 -0.541531 0.358459 19.7891
state212: 0.554384 0.304141 1.17404 0.119779 -0.0850999 -0.969147 -0.197903 1.18487 0.976545 0.447637 -0.308867 0.877331 -0.228083 -0.122231 -0.269086 -1.44257 -0.472317 -1.70433 -0.784046 -2.36069 -0.555941 0.359266 19.7995
state213: 0.559817 0.306418 1.17737 0.119356 -0.0908802 -0.965727 -0.211815 1.18572 0.986818 0.458702 -0.342402 0.855455 -0.223818 -0.130119 -0.272387 -1.44871 -0.454966 -1.70948 -0.798219 -2.37124 -0.57089 0.359973 19.8101
state214: 0.565251 0.308694 1.18071 0.118905 -0.0966388 -0.962077 -0.225677 1.18657 0.997091 0.469767 -0.375937 0.83358 -0.219554 -0.137916 -0.275897 -1.45495 -0.437711 -1.71454 -0.812404 -2.38145 -0.58637 0.360571 19.8208
state215: 0.570684 0.310971 1.18404 0.118425 -0.102374 -0.958197 -0.239484 1.18742 1.00736 0.480832 -0.409472 0.811704 -0.215289 -0.145617 -0.279613 -1.46128 -0.420557 -1.71952 -0.82661 -2.39133 -0.602373 0.361053 19.8315
state216: 0.576117 0.313248 1.18737 0.117917 -0.108085 -0.954089 -0.253235 1.18827 1.01764 0.491897 -0.443007 0.789829 -0.211025 -0.153217 -0.283533 -1.46772 -0.403511 -1.72441 -0.840844 -2.40087 -0.618893 0.36141 19.8424
state217: 0.58155 0.315524 1.1907 0.117381 -0.113771 -0.949752 -0.266925 1.18912 1.02791 0.502962 -0.476542 0.767953 -0.20676 -0.16071 -0.287653 -1.47425 -0.386577 -1.72921 -0.855116 -2.41005 -0.635922 0.361633 19.8532
state218: 0.586984 0.317801 1.19403 0.116817 -0.119429 -0.945189 -0.280551 1.18997 1.03819 0.514027 -0.510077 0.746078 -0.202495 -0.16809 -0.29197 -1.48089 -0.369761 -1.73392 -0.869433 -2.41888 -0.653452 0.361713 19.8642
state219: 0.592417 0.320078 1.19736 0.116225 -0.125058 -0.9404 -0.29411 1.19082 1.04846 0.525092 -0.543612 0.724202 -0.198231 -0.175352 -0.296482 -1.48762 -0.353069 -1.73854 -0.883804 -2.42736 -0.671476 0.361641 19.8751
state220: 0.59785 0.322354 1.20069 0.115605 -0.130658 -0.935386 -0.3076 1.19168 1.05873 0.536157 -0.577147 0.702326 -0.193966 -0.182492 -0.301184 -1.49446 -0.336506 -1.74306 -0.898237 -2.43546 -0.689986 0.361405 19.886
state221: 0.603283 0.324631 1.20402 0.114957 -0.136226 -0.930149 -0.321015 1.19253 1.06901 0.547222 -0.610682 0.680451 -0.189701 -0.189502 -0.306073 -1.50139 -0.320078 -1.74748 -0.912741 -2.4432 -0.708974 0.360994 19.8969
state222: 0.603283 0.324631 1.20402 0.114957 -0.136226 -0.930149 -0.321015 1.19253 1.06901 0.547222 -0.610682 0.680451 -0.189701 -0.189502 -0.306073 -1.50139 -0.320078 -1.74748 -0.912741 -2.4432 -0.708974 0.360994 19.8969
state223: 0.610844 0.315085 1.20603 0.104929 -0.135297 -0.929658 -0.326223 1.20297 1.06111 0.559243 -0.616249 0.614906 -0.160388 -0.192105 -0.287307 -1.49256 -0.32411 -1.74809 -0.924932 -2.411 -0.745164 0.356731 19.9347
state224: 0.618405 0.305539 1.20804 0.0948874 -0.13435 -0.929047 -0.331389 1.21341 1.05321 0.571265 -0.621815 0.54936 -0.131074 -0.194922 -0.268571 -1.48374 -0.327929 -1.74888 -0.937001 -2.37113 -0.779885 0.351887 19.9692
state225: 0.625966 0.295993 1.21006 0.0848334 -0.133386 -0.928316 -0.336512 1.22385 1.04532 0.583286 -0.627382 0.483815 -0.10176 -0.197952 -0.249869 -1.47494 -0.331535 -1.74984 -0.948947 -2.32312 -0.812512 0.346507 19.9996
state226: 0.633527 0.286447 1.21207 0.0747685 -0.132405 -0.927466 -0.341592 1.23429 1.03742 0.595308 -0.632949 0.41827 -0.0724465 -0.201194 -0.231202 -1.46617 -0.334929 -1.75097 -0.960769 -2.26662 -0.842361 0.340638 20.0249
state227: 0.641088 0.276901 1.21408 0.064694 -0.131407 -0.926497 -0.346628 1.24473 1.02952 0.607329 -0.638515 0.352724 -0.0431328 -0.204647 -0.212574 -1.45743 -0.338112 -1.75228 -0.972466 -2.20149 -0.868697 0.334332 20.0438
state228: 0.648649 0.267355 1.21609 0.0546111 -0.130392 -0.925408 -0.351619 1.25517 1.02163 0.619351 -0.644082 0.287179 -0.0138191 -0.208309 -0.193986 -1.44872 -0.341084 -1.75377 -0.984037 -2.12792 -0.890762 0.327653 20.055
state229: 0.65621 0.257809 1.2181 0.0445212 -0.12936 -0.9242 -0.356565 1.26561 1.01373 0.631373 -0.649649 0.221634 0.0154946 -0.212181 -0.175442 -1.44004 -0.343846 -1.75544 -0.995482 -2.04654 -0.907809 0.320674 20.0572
state230: 0.663771 0.248263 1.22011 0.0344256 -0.128311 -0.922873 -0.361465 1.27605 1.00583 0.643394 -0.655215 0.156088 0.0448084 -0.216262 -0.156945 -1.43141 -0.3464 -1.7573 -1.0068 -1.9585 -0.919156 0.313486 20.0495
state231: 0.671332 0.238717 1.22212 0.0243255 -0.127246 -0.921427 -0.366318 1.28648 0.997937 0.655416 -0.660782 0.0905428 0.0741221 -0.220553 -0.138496 -1.42281 -0.348746 -1.75934 -1.01799 -1.86547 -0.924253 0.306198 20.0316
state232: 0.678893 0.229171 1.22414 0.0142223 -0.126165 -0.919862 -0.371125 1.29692 0.99004 0.667437 -0.666349 0.0249975 0.103436 -0.225054 -0.120099 -1.41426 -0.350886 -1.76158 -1.02905 -1.76951 -0.922741 0.298928 20.0045
state233: 0.686454 0.219626 1.22615 0.00411729 -0.125067 -0.918179 -0.375883 1.30736 0.982144 0.679459 -0.671915 -0.0405478 0.132749 -0.229767 -0.101757 -1.40577 -0.352821 -1.76401 -1.03998 -1.67285 -0.914492 0.291804 19.9701
state234: 0.694015 0.21008 1.22816 -0.00598827 -0.123953 -0.916378 -0.380593 1.3178 0.974247 0.69148 -0.677482 -0.106093 0.162063 -0.234692 -0.0834733 -1.39732 -0.354552 -1.76664 -1.05079 -1.57764 -0.899618 0.284945 19.9316
state235: 0.701576 0.200534 1.23017 -0.0160931 -0.122823 -0.914459 -0.385254 1.32824 0.966351 0.703502 -0.683049 -0.171638 0.191377 -0.239831 -0.0652498 -1.38893 -0.356082 -1.76948 -1.06146 -1.48564 -0.878449 0.278454 19.8931
state236: 0.709137 0.190988 1.23218 -0.0261958 -0.121678 -0.912422 -0.389866 1.33868 0.958454 0.715523 -0.688615 -0.237184 0.220691 -0.245187 -0.04709 -1.38061 -0.357412 -1.77252 -1.072 -1.39816 -0.851476 0.272409 19.8587
state237: 0.716698 0.181442 1.23419 -0.0362951 -0.120516 -0.910267 -0.394427 1.34912 0.950558 0.727545 -0.694182 -0.302729 0.250004 -0.25076 -0.0289973 -1.37235 -0.358544 -1.77577 -1.08242 -1.31595 -0.819294 0.266863 19.8326
state238: 0.716698 0.181442 1.23419 -0.0362951 -0.120516 -0.910267 -0.394427 1.34912 0.950558 0.727545 -0.694182 -0.302729 0.250004 -0.25076 -0.0289973 -1.37235 -0.358544 -1.77577 -1.08242 -1.31595 -0.819294 0.266863 19.8326
state239: 0.727853 0.196926 1.23346 -0.0400716 -0.135536 -0.908373 -0.393551 1.3549 0.926009 0.686996 -0.672357 -0.258163 0.230005 -0.281644 -0.0338873 -1.38581 -0.35328 -1.74567 -1.05379 -1.3667 -0.81652 0.266821 19.7758
state240: 0.739007 0.212409 1.23272 -0.0438383 -0.150523 -0.906258 -0.392578 1.36067 0.90146 0.646448 -0.650533 -0.213598 0.210006 -0.312539 -0.0387363 -1.39927 -0.348031 -1.72026 -1.02457 -1.4168 -0.812021 0.266724 19.7274
state241: 0.750162 0.227893 1.23198 -0.0475943 -0.165473 -0.903921 -0.39151 1.36645 0.876912 0.6059 -0.628708 -0.169032 0.190007 -0.343448 -0.0435397 -1.4127 -0.342788 -1.69884 -0.994947 -1.46584 -0.805792 0.266557 19.6867
state242: 0.761316 0.243377 1.23124 -0.0513386 -0.180383 -0.901363 -0.390346 1.37222 0.852363 0.565352 -0.606884 -0.124466 0.170007 -0.374371 -0.0482928 -1.42608 -0.337538 -1.68081 -0.965061 -1.51343 -0.797861 0.266305 19.6527
state243: 0.772471 0.258861 1.2305 -0.0550704 -0.195248 -0.898586 -0.389087 1.37799 0.827814 0.524804 -0.585059 -0.0799004 0.150008 -0.405309 -0.0529911 -1.4394 -0.332271 -1.66567 -0.935034 -1.55923 -0.788283 0.265951 19.6243
state244: 0.783625 0.274345 1.22976 -0.0587888 -0.210066 -0.895589 -0.387733 1.38377 0.803265 0.484255 -0.563234 -0.0353346 0.130009 -0.436264 -0.05763 -1.45262 -0.326977 -1.65299 -0.904965 -1.60292 -0.777142 0.265479 19.6006
state245: 0.79478 0.289829 1.22902 -0.0624928 -0.224833 -0.892373 -0.386284 1.38954 0.778716 0.443707 -0.54141 0.00923116 0.11001 -0.467237 -0.0622052 -1.46574 -0.321646 -1.6424 -0.874938 -1.64422 -0.76455 0.264874 19.5805
state246: 0.805934 0.305313 1.22828 -0.0661816 -0.239545 -0.888939 -0.384741 1.39532 0.754168 0.403159 -0.519585 0.0537969 0.0900105 -0.498228 -0.0667121 -1.47873 -0.31627 -1.63359 -0.845018 -1.68291 -0.750635 0.264122 19.5631
state247: 0.817088 0.320796 1.22754 -0.0698542 -0.254198 -0.885288 -0.383104 1.40109 0.729619 0.362611 -0.497761 0.0983627 0.0700112 -0.529239 -0.0711463 -1.49157 -0.310838 -1.6263 -0.815261 -1.7188 -0.735547 0.263212 19.5478
state248: 0.828243 0.33628 1.2268 -0.0735097 -0.268789 -0.881421 -0.381373 1.40686 0.70507 0.322063 -0.475936 0.142928 0.050012 -0.560271 -0.0755036 -1.50424 -0.305344 -1.6203 -0.785713 -1.75177 -0.719448 0.262132 19.5338
state249: 0.839397 0.351764 1.22607 -0.0771473 -0.283315 -0.877339 -0.379549 1.41264 0.680521 0.281514 -0.454112 0.187494 0.0300128 -0.591325 -0.0797797 -1.51672 -0.299778 -1.6154 -0.756407 -1.78172 -0.70251 0.260874 19.5206
state250: 0.850552 0.367248 1.22533 -0.080766 -0.297771 -0.873042 -0.377633 1.41841 0.655973 0.240966 -0.432287 0.23206 0.0100135 -0.6224 -0.0839705 -1.52899 -0.294135 -1.61143 -0.727373 -1.80861 -0.68491 0.25943 19.5079
state251: 0.861706 0.382732 1.22459 -0.084365 -0.312155 -0.868532 -0.375624 1.42419 0.631424 0.200418 -0.410462 0.276626 -0.00998571 -0.653499 -0.0880718 -1.54104 -0.288408 -1.60825 -0.698631 -1.83241 -0.66683 0.257795 19.4953
state252: 0.872861 0.398216 1.22385 -0.0879434 -0.326462 -0.863811 -0.373524 1.42996 0.606875 0.15987 -0.388638 0.321191 -0.0299849 -0.684621 -0.0920795 -1.55284 -0.28259 -1.60573 -0.670195 -1.85315 -0.648452 0.255967 19.4826
state253: 0.884015 0.4137 1.22311 -0.0915004 -0.34069 -0.858878 -0.371332 1.43573 0.582326 0.119322 -0.366813 0.365757 -0.0499842 -0.715767 -0.0959898 -1.56438 -0.276678 -1.60376 -0.642074 -1.87084 -0.629958 0.253942 19.4696
state254: 0.89517 0.429183 1.22237 -0.095035 -0.354834 -0.853735 -0.369049 1.44151 0.557777 0.0787734 -0.344989 0.410323 -0.0699834 -0.746937 -0.0997988 -1.57564 -0.270667 -1.60224 -0.614272 -1.88555 -0.611526 0.251722 19.4562
state255: 0.906324 0.444667 1.22163 -0.0985463 -0.368892 -0.848384 -0.366677 1.44728 0.533229 0.0382252 -0.323164 0.454889 -0.0899826 -0.778131 -0.103503 -1.5866 -0.264552 -1.60111 -0.586789 -1.89733 -0.59333 0.249308 19.4424
state256: 0.917479 0.460151 1.22089 -0.102034 -0.382859 -0.842826 -0.364215 1.45306 0.50868 -0.002323 -0.301339 0.499455 -0.109982 -0.80935 -0.107098 -1.59725 -0.258332 -1.60027 -0.55962 -1.90627 -0.575539 0.246702 19.428
state257: 0.928633 0.475635 1.22015 -0.105496 -0.396734 -0.837062 -0.361664 1.45883 0.484131 -0.0428712 -0.279515 0.54402 -0.129981 -0.840594 -0.11058 -1.60756 -0.252005 -1.59967 -0.532756 -1.91245 -0.558317 0.243907 19.4132
state258: 0.939788 0.491119 1.21941 -0.108933 -0.410511 -0.831093 -0.359025 1.46461 0.459582 -0.0834194 -0.25769 0.588586 -0.14998 -0.871863 -0.113947 -1.61752 -0.245569 -1.59926 -0.506187 -1.91595 -0.54182 0.240928 19.398
state259: 0.950942 0.506603 1.21867 -0.112343 -0.424188 -0.824922 -0.356298 1.47038 0.435033 -0.123968 -0.235866 0.633152 -0.16998 -0.903157 -0.117194 -1.62712 -0.239024 -1.59899 -0.479898 -1.91688 -0.526197 0.237771 19.3823
state260: 0.962097 0.522087 1.21794 -0.115725 -0.437761 -0.818549 -0.353483 1.47615 0.410485 -0.164516 -0.214041 0.677718 -0.189979 -0.934474 -0.120319 -1.63634 -0.232369 -1.5988 -0.453872 -1.91534 -0.511592 0.234441 19.3663
state261: 0.973251 0.53757 1.2172 0.11908 0.451228 0.811976 0.350583 1.48193 0.385936 -0.205064 -0.192216 0.722283 -0.209978 -0.965816 -0.123319 -1.64517 -0.225606 -1.59867 -0.428088 -1.91141 -0.498139 0.230943 19.3501
state262: 0.973251 0.53757 1.2172 0.11908 0.451228 0.811976 0.350583 1.48193 0.385936 -0.205064 -0.192216 0.722283 -0.209978 -0.965816 -0.123319 -1.64517 -0.225606 -1.59867 -0.428088 -1.91141 -0.498139 0.230943 19.3501
state263: 0.972889 0.544857 1.21051 0.122197 0.448943 0.818508 0.336991 1.4664 0.399993 -0.166107 -0.176445 0.728818 -0.180079 -0.964241 -0.102721 -1.61469 -0.212612 -1.57882 -0.393338 -1.86576 -0.457661 0.238251 19.4903
state264: 0.972527 0.552144 1.20382 0.125286 0.446549 0.824841 0.323318 1.45088 0.41405 -0.12715 -0.160674 0.735352 -0.150181 -0.962191 -0.0821654 -1.58439 -0.199235 -1.5581 -0.35999 -1.82241 -0.418288 0.245821 19.6206
state265: 0.972164 0.559431 1.19713 0.128343 0.444047 0.830975 0.309566 1.43536 0.428107 -0.0881934 -0.144903 0.741887 -0.120282 -0.95967 -0.0616623 -1.55424 -0.185514 -1.53651 -0.328148 -1.7811 -0.380266 0.253615 19.7414
state266: 0.971802 0.566718 1.19043 0.13137 0.441438 0.836907 0.295739 1.41983 0.442165 -0.0492365 -0.129132 0.748421 -0.0903836 -0.956677 -0.0412228 -1.52425 -0.171486 -1.51408 -0.297917 -1.74161 -0.343813 0.261595 19.8529
state267: 0.971439 0.574004 1.18374 0.134365 0.438721 0.842637 0.28184 1.40431 0.456222 -0.0102796 -0.11336 0.754956 -0.060485 -0.953214 -0.0208581 -1.49441 -0.15719 -1.49085 -0.269405 -1.7038 -0.309124 0.269723 19.956
state268: 0.971077 0.581291 1.17705 0.137327 0.435898 0.848162 0.267873 1.38878 0.470279 0.0286773 -0.0975892 0.76149 -0.0305863 -0.94928 -0.000579205 -1.4647 -0.142664 -1.46686 -0.242716 -1.66756 -0.276363 0.277963 20.051
state269: 0.970715 0.588578 1.17036 0.140256 0.432969 0.853481 0.253841 1.37326 0.484336 0.0676342 -0.081818 0.768025 -0.000687731 -0.944875 0.0196026 -1.4351 -0.127949 -1.44217 -0.217955 -1.63283 -0.24567 0.286278 20.1389
state270: 0.970352 0.595865 1.16367 0.143151 0.429936 0.858594 0.239748 1.35774 0.498393 0.106591 -0.0660468 0.774559 0.0292109 -0.939998 0.0396758 -1.40561 -0.113084 -1.41683 -0.195225 -1.59962 -0.217158 0.294631 20.2201
state271: 0.96999 0.603152 1.15698 0.146012 0.426798 0.863499 0.225596 1.34221 0.512451 0.145548 -0.0502756 0.781093 0.0591095 -0.934645 0.0596289 -1.37621 -0.0981096 -1.39092 -0.174622 -1.56795 -0.19091 0.302984 20.2954
state272: 0.969627 0.610438 1.15029 0.148836 0.423557 0.868194 0.21139 1.32669 0.526508 0.184505 -0.0345044 0.787628 0.0890081 -0.928815 0.0794502 -1.34689 -0.0830654 -1.36454 -0.15624 -1.53788 -0.166975 0.3113 20.3655
state273: 0.969265 0.617725 1.1436 0.151625 0.420213 0.872679 0.197132 1.31117 0.540565 0.223462 -0.0187332 0.794162 0.118907 -0.922505 0.0991275 -1.31762 -0.0679922 -1.3378 -0.140161 -1.50951 -0.145374 0.319541 20.4309
state274: 0.968903 0.625012 1.13691 0.154377 0.416768 0.876953 0.182827 1.29564 0.554622 0.262419 -0.00296198 0.800697 0.148805 -0.91571 0.118649 -1.28839 -0.0529305 -1.3108 -0.126462 -1.48297 -0.126088 0.32767 20.4924
state275: 0.96854 0.632299 1.13022 0.157092 0.413221 0.881014 0.168478 1.28012 0.568679 0.301375 0.0128092 0.807231 0.178704 -0.908426 0.138001 -1.25918 -0.0379211 -1.28368 -0.115206 -1.4584 -0.109068 0.335648 20.5504
state276: 0.968178 0.639585 1.12353 0.159769 0.409574 0.884862 0.154087 1.2646 0.582736 0.340332 0.0285804 0.813766 0.208603 -0.900649 0.157172 -1.22999 -0.0230049 -1.25659 -0.106448 -1.43597 -0.0942246 0.343439 20.6054
state277: 0.967815 0.646872 1.11684 0.162407 0.405828 0.888495 0.13966 1.24907 0.596794 0.379289 0.0443516 0.8203 0.238501 -0.892373 0.176149 -1.20078 -0.00822275 -1.22967 -0.100224 -1.41582 -0.0814344 0.351004 20.6579
state278: 0.967453 0.654159 1.11015 0.165005 0.401984 0.891912 0.125198 1.23355 0.610851 0.418246 0.0601228 0.826835 0.2684 -0.883594 0.194917 -1.17156 0.00638449 -1.20309 -0.0965589 -1.39815 -0.0705385 0.35831 20.7084
state279: 0.967091 0.661446 1.10346 0.167564 0.398042 0.895114 0.110706 1.21802 0.624908 0.457203 0.075894 0.833369 0.298298 -0.874304 0.213463 -1.14229 0.020776 -1.17703 -0.0954612 -1.3831 -0.0613449 0.365323 20.7572
state280: 0.966728 0.668733 1.09677 0.170082 0.394004 0.898099 0.0961876 1.2025 0.638965 0.49616 0.0916652 0.839904 0.328197 -0.8645 0.231773 -1.11298 0.0349109 -1.15165 -0.0969224 -1.37084 -0.053631 0.372011 20.8047
state281: 0.966366 0.676019 1.09008 0.172559 0.38987 0.900866 0.0816456 1.18698 0.653022 0.535117 0.107436 0.846438 0.358096 -0.854173 0.249833 -1.08361 0.0487487 -1.12713 -0.100918 -1.36149 -0.0471468 0.378345 20.8512
state282: 0.966004 0.683306 1.08339 0.174993 0.385642 0.903414 0.0670838 1.17145 0.667079 0.574074 0.123208 0.852973 0.387994 -0.843319 0.267626 -1.05418 0.062249 -1.10365 -0.107406 -1.35519 -0.0416192 0.384301 20.8969
state283: 0.965641 0.690593 1.0767 0.177386 0.38132 0.905744 0.0525057 1.15593 0.681137 0.61303 0.138979 0.859507 0.417893 -0.83193 0.285138 -1.02466 0.0753717 -1.08138 -0.116331 -1.35202 -0.0367568 0.389856 20.942
state284: 0.965279 0.69788 1.07001 0.179735 0.376906 0.907854 0.0379149 1.14041 0.695194 0.651987 0.15475 0.866041 0.447791 -0.820001 0.302352 -0.995063 0.0880771 -1.0605 -0.127618 -1.35203 -0.0322547 0.394994 20.9869
state285: 0.964916 0.705167 1.06332 0.182041 0.372401 0.909745 0.023315 1.12488 0.709251 0.690944 0.170521 0.872576 0.47769 -0.807526 0.319253 -0.965379 0.100326 -1.04115 -0.141182 -1.35528 -0.0278002 0.3997 21.0317
state286: 0.964554 0.712453 1.05663 0.184303 0.367805 0.911414 0.00870935 1.10936 0.723308 0.729901 0.186292 0.87911 0.507589 -0.794499 0.335823 -0.935608 0.11208 -1.02351 -0.156921 -1.36175 -0.0230791 0.403966 21.0765
state287: 0.964192 0.71974 1.04993 0.18652 0.36312 0.912863 -0.00589838 1.09383 0.737365 0.768858 0.202064 0.885645 0.537487 -0.780916 0.352046 -0.905752 0.123302 -1.00773 -0.174724 -1.37142 -0.0177809 0.407788 21.1215
state288: 0.963829 0.727027 1.04324 0.188692 0.358347 0.914091 -0.0205047 1.07831 0.751423 0.807815 0.217835 0.892179 0.567386 -0.76677 0.367903 -0.875815 0.133953 -0.993939 -0.194465 -1.38423 -0.0116054 0.411165 21.167
state289: 0.963467 0.734314 1.03655 0.190819 0.353487 0.915097 -0.035106 1.06279 0.76548 0.846772 0.233606 0.898714 0.597285 -0.75206 0.383377 -0.845803 0.143999 -0.98229 -0.216012 -1.4001 -0.00426838 0.414101 21.213
state290: 0.963104 0.741601 1.02986 0.192899 0.348542 0.915881 -0.0496988 1.04726 0.779537 0.885729 0.249377 0.905248 0.627183 -0.736781 0.398449 -0.815727 0.153405 -0.97291 -0.239221 -1.4189 0.00449294 0.416604 21.2596
state291: 0.962742 0.748887 1.02317 0.194932 0.343512 0.916444 -0.0642796 1.03174 0.793594 0.924686 0.265148 0.911783 0.657082 -0.720932 0.413099 -0.785601 0.162137 -0.96593 -0.263943 -1.44052 0.0149145 0.418685 21.3072
state292: 0.96238 0.756174 1.01648 0.196918 0.338399 0.916784 -0.0788448 1.01622 0.807651 0.963642 0.28092 0.918317 0.68698 -0.704511 0.42731 -0.755439 0.170164 -0.961475 -0.290019 -1.46481 0.0272007 0.420358 21.3557
state293: 0.962017 0.763461 1.00979 0.198856 0.333204 0.916902 -0.0933909 1.00069 0.821708 1.0026 0.296691 0.924852 0.716879 -0.68752 0.441062 -0.725263 0.177456 -0.959671 -0.317284 -1.49162 0.0415208 0.42164 21.4053
state294: 0.961655 0.770748 1.0031 0.200746 0.327928 0.916798 -0.107914 0.985168 0.835766 1.04156 0.312462 0.931386 0.746778 -0.66996 0.454334 -0.695093 0.183985 -0.960645 -0.345567 -1.5208 0.0580056 0.422548 21.4563
state295: 0.961293 0.778035 0.996411 0.202588 0.322573 0.916472 -0.122412 0.969644 0.849823 1.08051 0.328233 0.937921 0.776676 -0.651836 0.467107 -0.664956 0.189724 -0.964523 -0.37469 -1.5522 0.0767449 0.423103 21.5086
state296: 0.96093 0.785321 0.98972 0.20438 0.31714 0.915923 -0.136879 0.954121 0.86388 1.11947 0.344004 0.944455 0.806575 -0.633153 0.479362 -0.63488 0.194651 -0.971439 -0.404467 -1.5857 0.0977865 0.423326 21.5624
state297: 0.960568 0.792608 0.98303 0.206123 0.311629 0.915153 -0.151314 0.938597 0.877937 1.15843 0.359776 0.950989 0.836473 -0.613919 0.491077 -0.604895 0.198743 -0.981527 -0.434706 -1.62119 0.121135 0.423238 21.6179
state298: 0.960205 0.799895 0.976339 0.207816 0.306043 0.914161 -0.165712 0.923073 0.891994 1.19738 0.375547 0.957524 0.866372 -0.594145 0.502233 -0.575035 0.201983 -0.99493 -0.465206 -1.6586 0.146753 0.422862 21.6749
state299: 0.959843 0.807182 0.969649 0.209458 0.300383 0.912947 -0.180069 0.907549 0.906052 1.23634 0.391318 0.964058 0.896271 -0.573843 0.512811 -0.545335 0.204354 -1.01179 -0.495759 -1.69787 0.17456 0.422219 21.7336
state300: 0.959843 0.807182 0.969649 0.209458 0.300383 0.912947 -0.180069 0.907549 0.906052 1.23634 0.391318 0.964058 0.896271 -0.573843 0.512811 -0.545335 0.204354 -1.01179 -0.495759 -1.69787 0.17456 0.422219 21.7336
state301: 0.958758 0.805326 0.968995 0.212004 0.29604 0.911817 -0.189748 0.919286 0.886336 1.16874 0.394836 0.945671 0.913292 -0.558743 0.522402 -0.543333 0.17875 -0.983519 -0.473069 -1.65303 0.180126 0.417193 21.6838
state302: 0.957673 0.803471 0.968342 0.214524 0.291662 0.910578 -0.199403 0.931024 0.86662 1.10114 0.398354 0.927284 0.930314 -0.543317 0.531697 -0.540929 0.152968 -0.955935 -0.45044 -1.60815 0.186344 0.41175 21.6371
state303: 0.956589 0.801615 0.967689 0.217018 0.287248 0.909229 -0.209035 0.942761 0.846904 1.03354 0.401872 0.908896 0.947335 -0.527566 0.540689 -0.538111 0.127021 -0.928891 -0.427882 -1.56316 0.193054 0.405917 21.5931
state304: 0.955504 0.799759 0.967035 0.219486 0.2828 0.90777 -0.218641 0.954498 0.827188 0.965942 0.40539 0.890509 0.964356 -0.511496 0.549368 -0.534869 0.100918 -0.902248 -0.405395 -1.51802 0.200098 0.399723 21.5515
state305: 0.954419 0.797904 0.966382 0.221927 0.278317 0.906202 -0.228221 0.966235 0.807472 0.898342 0.408908 0.872122 0.981378 -0.495109 0.557725 -0.53119 0.0746729 -0.875876 -0.382967 -1.47264 0.207322 0.393201 21.5122
state306: 0.953334 0.796048 0.965729 0.224342 0.273802 0.904526 -0.237774 0.977972 0.787756 0.830743 0.412427 0.853735 0.998399 -0.47841 0.565753 -0.527062 0.0482961 -0.849656 -0.360578 -1.42695 0.214578 0.386387 21.4749
state307: 0.952249 0.794193 0.965075 0.22673 0.269253 0.90274 -0.247298 0.989709 0.76804 0.763143 0.415945 0.835347 1.01542 -0.461407 0.573443 -0.522468 0.0218008 -0.823476 -0.338198 -1.38089 0.221717 0.379317 21.4395
state308: 0.951164 0.792337 0.964422 0.22909 0.264672 0.900846 -0.256792 1.00145 0.748324 0.695543 0.419463 0.81696 1.03244 -0.444104 0.580787 -0.517395 -0.00480008 -0.797236 -0.315789 -1.33437 0.228598 0.372033 21.4058
state309: 0.95008 0.790482 0.963769 0.231423 0.260059 0.898844 -0.266255 1.01318 0.728608 0.627944 0.422981 0.798573 1.04946 -0.426512 0.587776 -0.511823 -0.0314928 -0.770844 -0.293309 -1.28731 0.235079 0.364577 21.3737
state310: 0.948995 0.788626 0.963115 0.233729 0.255415 0.896734 -0.275687 1.02492 0.708892 0.560344 0.426499 0.780185 1.06649 -0.408638 0.594402 -0.505734 -0.0582633 -0.744215 -0.270709 -1.23966 0.241023 0.356992 21.3431
state311: 0.94791 0.786771 0.962462 0.236006 0.25074 0.894515 -0.285085 1.03666 0.689176 0.492744 0.430017 0.761798 1.08351 -0.390493 0.600658 -0.499109 -0.0850966 -0.717275 -0.24794 -1.19134 0.246293 0.349326 21.314
state312: 0.946825 0.784915 0.961809 0.238254 0.246035 0.892189 -0.294449 1.04839 0.66946 0.425145 0.433535 0.743411 1.10053 -0.372088 0.606537 -0.491924 -0.111977 -0.689956 -0.224946 -1.14229 0.250756 0.341627 21.2861
state313: 0.94574 0.783059 0.961155 0.240474 0.2413 0.889756 -0.303777 1.06013 0.649744 0.357545 0.437053 0.725023 1.11755 -0.353434 0.61203 -0.484158 -0.138889 -0.662197 -0.201675 -1.09248 0.254276 0.333942 21.2595
state314: 0.944656 0.781204 0.960502 0.242666 0.236536 0.887216 -0.313069 1.07187 0.630028 0.289945 0.440571 0.706636 1.13457 -0.334546 0.617131 -0.475783 -0.165814 -0.633943 -0.178073 -1.04186 0.256721 0.326321 21.2341
state315: 0.943571 0.779348 0.959849 0.244827 0.231744 0.884569 -0.322323 1.08361 0.610313 0.222346 0.444089 0.688249 1.15159 -0.315437 0.621834 -0.466772 -0.192734 -0.605146 -0.15409 -0.990429 0.257958 0.318816 21.2097
state316: 0.942486 0.777493 0.959195 0.24696 0.226924 0.881815 -0.331539 1.09534 0.590597 0.154746 0.447608 0.669861 1.16861 -0.296123 0.626131 -0.457097 -0.219631 -0.575759 -0.129678 -0.938172 0.257854 0.311477 21.1864
state317: 0.941401 0.775637 0.958542 0.249063 0.222077 0.878956 -0.340715 1.10708 0.570881 0.0871462 0.451126 0.651474 1.18564 -0.276619 0.630019 -0.446725 -0.246483 -0.545741 -0.104794 -0.885104 0.256277 0.304353 21.1639
state318: 0.940316 0.773782 0.957889 0.251135 0.217203 0.875991 -0.349849 1.11882 0.551165 0.0195465 0.454644 0.633087 1.20266 -0.256943 0.63349 -0.435622 -0.273269 -0.515052 -0.0794011 -0.831258 0.253097 0.297496 21.1423
state319: 0.939231 0.771926 0.957235 0.253178 0.212303 0.87292 -0.358942 1.13055 0.531449 -0.0480531 0.458162 0.6147 1.21968 -0.237113 0.63654 -0.423752 -0.299966 -0.483653 -0.0534706 -0.776683 0.248187 0.290955 21.1213
state320: 0.938147 0.770071 0.956582 0.25519 0.207377 0.869744 -0.367991 1.14229 0.511733 -0.115653 0.46168 0.596312 1.2367 -0.217147 0.639166 -0.411076 -0.326549 -0.451504 -0.0269809 -0.721444 0.241421 0.284776 21.1009
state321: 0.937062 0.768215 0.955929 0.257172 0.202426 0.866464 -0.376996 1.15403 0.492017 -0.183252 0.465198 0.577925 1.25372 -0.197066 0.641363 -0.397553 -0.352992 -0.418563 7.95319e-05 -0.665626 0.232679 0.279005 21.0808
state322: 0.935977 0.766359 0.955275 0.259122 0.197451 0.86308 -0.385956 1.16577 0.472301 -0.250852 0.468716 0.559538 1.27074 -0.176888 0.643128 -0.383137 -0.379267 -0.384785 0.0277122 -0.609327 0.221848 0.273686 21.0611
state323: 0.934892 0.764504 0.954622 0.261041 0.192453 0.859591 -0.394869 1.1775 0.452585 -0.318452 0.472234 0.54115 1.28776 -0.156635 0.644458 -0.367782 -0.405342 -0.350122 0.0559073 -0.552658 0.208821 0.268859 21.1366
state324: 0.933807 0.762648 0.953969 0.262929 0.187431 0.856 -0.403735 1.18924 0.432869 -0.386052 0.475752 0.522763 1.30479 -0.136328 0.645352 -0.351437 -0.431187 -0.314517 0.0846427 -0.49574 0.193503 0.264559 21.2173
state325: 0.932722 0.760793 0.953315 0.264786 0.182386 0.852305 -0.412553 1.20098 0.413153 -0.453651 0.479271 0.504376 1.32181 -0.115987 0.645809 -0.334051 -0.456765 -0.27791 0.113883 -0.438704 0.175807 0.26082 21.3007
state326: 0.931638 0.758937 0.952662 0.26661 0.17732 0.848508 -0.42132 1.21271 0.393437 -0.521251 0.482789 0.485988 1.33883 -0.0956352 0.645827 -0.315568 -0.48204 -0.24023 0.143581 -0.381682 0.155662 0.257668 21.3855
state327: 0.930553 0.757082 0.952009 0.268403 0.172232 0.844609 -0.430037 1.22445 0.373721 -0.588851 0.486307 0.467601 1.35585 -0.075293 0.645406 -0.29593 -0.506972 -0.201399 0.173672 -0.324807 0.133007 0.255126 21.4703
state328: 0.929468 0.755226 0.951355 0.270163 0.167124 0.840608 -0.438703 1.23619 0.354005 -0.65645 0.489825 0.449214 1.37287 -0.0549822 0.644548 -0.275077 -0.531516 -0.161329 0.204077 -0.268209 0.107799 0.253212 21.5535
state329: 0.928383 0.753371 0.950702 0.27189 0.161995 0.836506 -0.447315 1.24792 0.33429 -0.72405 0.493343 0.430827 1.38989 -0.034724 0.643253 -0.252947 -0.555627 -0.119923 0.234703 -0.212012 0.0800066 0.251935 21.6333
state330: 0.927298 0.751515 0.950049 0.273585 0.156847 0.832304 -0.455874 1.25966 0.314574 -0.79165 0.496861 0.412439 1.40691 -0.0145395 0.641524 -0.229477 -0.579254 -0.077074 0.265436 -0.156329 0.0496161 0.251303 21.7079
state331: 0.926214 0.749659 0.949395 0.275247 0.15168 0.828001 -0.464378 1.2714 0.294858 -0.859249 0.500379 0.394052 1.42394 0.00555076 0.639362 -0.204602 -0.602344 -0.032666 0.296147 -0.101261 0.0166277 0.251315 21.7756
state332: 0.925129 0.747804 0.948742 0.276876 0.146495 0.823599 -0.472826 1.28314 0.275142 -0.926849 0.503897 0.375665 1.44096 0.0255266 0.636772 -0.178259 -0.62484 0.0134249 0.326688 -0.0468934 -0.0189433 0.251964 21.8345
state333: 0.924044 0.745948 0.948089 0.278472 0.141292 0.819097 -0.481217 1.29487 0.255426 -0.994449 0.507415 0.357277 1.45798 0.0453686 0.633756 -0.150386 -0.64668 0.0613281 0.35689 0.00670291 -0.0570679 0.253239 21.8829
state334: 0.922959 0.744093 0.947435 0.280034 0.136073 0.814498 -0.48955 1.30661 0.23571 -1.06205 0.510933 0.33889 1.475 0.0650578 0.630319 -0.120925 -0.667798 0.111176 0.386564 0.0594767 -0.0977041 0.255123 21.9195
state335: 0.921874 0.742237 0.946782 0.281562 0.130837 0.8098 -0.497824 1.31835 0.215994 -1.12965 0.514452 0.320503 1.49202 0.0845764 0.626466 -0.0898206 -0.688126 0.163097 0.4155 0.111395 -0.140798 0.257593 21.9428
state336: 0.920789 0.740382 0.946129 0.283057 0.125585 0.805004 -0.506039 1.33008 0.196278 -1.19725 0.51797 0.302115 1.50904 0.103907 0.622201 -0.0570267 -0.70759 0.217215 0.443469 0.162443 -0.186285 0.260621 21.9521
state337: 0.919705 0.738526 0.945475 0.284517 0.120318 0.800112 -0.514192 1.34182 0.176562 -1.26485 0.521488 0.283728 1.52606 0.123033 0.617532 -0.0225058 -0.726113 0.273636 0.470219 0.212628 -0.23409 0.264172 21.9466
state338: 0.91862 0.736671 0.944822 0.285943 0.115036 0.795124 -0.522284 1.35356 0.156846 -1.33245 0.525006 0.265341 1.54309 0.14194 0.612463 0.0137671 -0.743616 0.332442 0.495479 0.261976 -0.284132 0.268209 21.926
state339: 0.917535 0.734815 0.944169 0.287335 0.109741 0.79004 -0.530313 1.3653 0.13713 -1.40005 0.528524 0.246954 1.56011 0.160614 0.607002 0.0518013 -0.760015 0.393675 0.518962 0.310534 -0.33632 0.272686 21.8904
state340: 0.91645 0.732959 0.943515 0.288693 0.104433 0.784861 -0.538278 1.37703 0.117414 -1.46765 0.532042 0.228566 1.57713 0.17904 0.601154 0.0915878 -0.775228 0.457332 0.540367 0.35837 -0.390558 0.277553 21.8402
state341: 0.91645 0.732959 0.943515 0.288693 0.104433 0.784861 -0.538278 1.37703 0.117414 -1.46765 0.532042 0.228566 1.57713 0.17904 0.601154 0.0915878 -0.775228 0.457332 0.540367 0.35837 -0.390558 0.277553 21.8402
state342: 0.899453 0.728069 0.940494 0.287151 0.101561 0.778442 -0.548869 1.32936 0.14644 -1.42754 0.545838 0.234034 1.55677 0.190546 0.592636 0.0805573 -0.7385 0.457339 0.535756 0.355869 -0.384613 0.278695 21.8399
state343: 0.882456 0.72318 0.937472 0.285563 0.0986733 0.771895 -0.55937 1.28169 0.175466 -1.38744 0.559634 0.239501 1.53642 0.201689 0.583849 0.0724123 -0.702225 0.458216 0.52974 0.352065 -0.380012 0.280286 21.8338
state344: 0.865459 0.71829 0.93445 0.283928 0.0957692 0.765222 -0.56978 1.23403 0.204492 -1.34733 0.57343 0.244969 1.51606 0.212465 0.574803 0.0668849 -0.666501 0.459881 0.522235 0.346937 -0.376787 0.282293 21.8225
state345: 0.848461 0.7134 0.931428 0.282246 0.0928493 0.758423 -0.580096 1.18636 0.233518 -1.30723 0.587226 0.250437 1.49571 0.222873 0.56551 0.0637494 -0.631415 0.462235 0.513162 0.340459 -0.374956 0.284681 21.8069
state346: 0.831464 0.70851 0.928406 0.280518 0.0899142 0.7515 -0.590317 1.13869 0.262544 -1.26712 0.601022 0.255904 1.47535 0.232911 0.555977 0.0628142 -0.597046 0.465163 0.502449 0.332603 -0.374529 0.287414 21.7876
state347: 0.814467 0.70362 0.925384 0.278744 0.0869644 0.744453 -0.600441 1.09102 0.29157 -1.22702 0.614818 0.261372 1.455 0.242579 0.546215 0.0639155 -0.56347 0.468537 0.490032 0.323341 -0.375503 0.290456 21.7651
state348: 0.79747 0.69873 0.922362 0.276924 0.0840003 0.737284 -0.610466 1.04335 0.320596 -1.18691 0.628614 0.26684 1.43464 0.251877 0.536233 0.0669122 -0.530755 0.47222 0.475859 0.312642 -0.377868 0.293772 21.74
state349: 0.780473 0.69384 0.91934 0.275058 0.0810224 0.729995 -0.620391 0.995683 0.349622 -1.14681 0.64241 0.272307 1.41429 0.260805 0.526041 0.0716812 -0.498965 0.476069 0.459886 0.300477 -0.381604 0.297324 21.7127
state350: 0.763475 0.68895 0.916319 0.273148 0.0780312 0.722586 -0.630215 0.948014 0.378648 -1.1067 0.656206 0.277775 1.39393 0.269364 0.515648 0.0781148 -0.468161 0.479938 0.442083 0.286816 -0.386683 0.301077 21.6837
state351: 0.746478 0.68406 0.913297 0.271193 0.0750273 0.715058 -0.639936 0.900345 0.407674 -1.0666 0.670002 0.283242 1.37357 0.277556 0.505063 0.0861169 -0.438399 0.483685 0.422432 0.271627 -0.393071 0.304993 21.6532
state352: 0.729481 0.67917 0.910275 0.269193 0.072011 0.707413 -0.649551 0.852676 0.4367 -1.02649 0.683798 0.28871 1.35322 0.285382 0.494295 0.0956012 -0.409732 0.487169 0.400927 0.254882 -0.400725 0.309036 21.6216
state353: 0.712484 0.67428 0.907253 0.26715 0.0689829 0.699652 -0.65906 0.805008 0.465726 -0.986389 0.697593 0.294178 1.33286 0.292845 0.483353 0.106489 -0.382212 0.490259 0.377573 0.236551 -0.409599 0.313172 21.589
state354: 0.695487 0.66939 0.904231 0.265062 0.0659435 0.691776 -0.668461 0.757339 0.494752 -0.946285 0.711389 0.299645 1.31251 0.299948 0.472247 0.118707 -0.355883 0.49283 0.35239 0.216605 -0.41964 0.317364 21.5556
state355: 0.678489 0.6645 0.901209 0.262931 0.0628933 0.683787 -0.677752 0.70967 0.523778 -0.90618 0.725185 0.305113 1.29215 0.306692 0.460984 0.132189 -0.330791 0.494771 0.325406 0.195014 -0.430789 0.32158 21.5215
state356: 0.661492 0.65961 0.898187 0.260757 0.0598328 0.675685 -0.686932 0.662001 0.552804 -0.866075 0.738981 0.310581 1.2718 0.313082 0.449573 0.146868 -0.306976 0.495978 0.296661 0.171748 -0.442986 0.325788 21.488
state357: 0.644495 0.65472 0.895166 0.25854 0.0567625 0.667473 -0.695999 0.614333 0.58183 -0.82597 0.752777 0.316048 1.25144 0.31912 0.438023 0.162683 -0.284476 0.496362 0.266201 0.146778 -0.456163 0.329958 21.5364
state358: 0.627498 0.64983 0.892144 0.25628 0.0536828 0.659152 -0.704952 0.566664 0.610856 -0.785866 0.766573 0.321516 1.23109 0.324809 0.426342 0.179573 -0.263323 0.495843 0.234082 0.120072 -0.470253 0.334061 21.5847
state359: 0.610501 0.64494 0.889122 -0.253979 -0.0505944 -0.650722 0.71379 0.518995 0.639883 -0.745761 0.780369 0.326983 1.21073 0.330153 0.414538 0.19748 -0.24355 0.494354 0.200366 0.091596 -0.485181 0.338072 21.633
state360: 0.610501 0.64494 0.889122 -0.253979 -0.0505944 -0.650722 0.71379 0.518995 0.639883 -0.745761 0.780369 0.326983 1.21073 0.330153 0.414538 0.19748 -0.24355 0.494354 0.200366 0.091596 -0.485181 0.338072 21.633
state361: 0.603596 0.639803 0.892214 -0.24513 -0.0577064 -0.644454 0.721984 0.539188 0.642324 -0.711101 0.777345 0.333098 1.17225 0.309879 0.410727 0.16668 -0.25486 0.439511 0.196447 0.0713294 -0.439675 0.337366 21.5861
state362: 0.596691 0.634666 0.895306 -0.236224 -0.0648048 -0.638034 0.730008 0.559381 0.644766 -0.67644 0.774321 0.339212 1.13377 0.289574 0.407215 0.135814 -0.265629 0.385049 0.191332 0.0479934 -0.396651 0.336392 21.5421
state363: 0.589786 0.629529 0.898398 -0.227261 -0.071888 -0.631465 0.73786 0.579574 0.647207 -0.64178 0.771296 0.345327 1.09529 0.26924 0.404002 0.104892 -0.275833 0.331026 0.185132 0.0218656 -0.35626 0.335202 21.501
state364: 0.582881 0.624393 0.90149 -0.218246 -0.0789542 -0.624746 0.745538 0.599766 0.649649 -0.60712 0.768272 0.351441 1.0568 0.248878 0.401091 0.0739249 -0.285451 0.277489 0.177964 -0.00680336 -0.318634 0.333847 21.4625
state365: 0.575976 0.619256 0.904582 -0.209179 -0.0860019 -0.617881 0.753041 0.619959 0.65209 -0.572459 0.765248 0.357555 1.01832 0.228492 0.398483 0.0429279 -0.294459 0.224479 0.169948 -0.0377794 -0.283887 0.332376 21.4266
state366: 0.569072 0.614119 0.907674 -0.200062 -0.0930294 -0.61087 0.760367 0.640152 0.654532 -0.537799 0.762224 0.36367 0.97984 0.208084 0.39618 0.011918 -0.302839 0.172029 0.161205 -0.0708373 -0.252118 0.330839 21.393
state367: 0.562167 0.608982 0.910766 -0.190899 -0.100035 -0.603716 0.767514 0.660345 0.656974 -0.503139 0.759199 0.369784 0.941358 0.187657 0.394183 -0.0190851 -0.310572 0.120164 0.151854 -0.105755 -0.223404 0.329282 21.3617
state368: 0.555262 0.603845 0.913859 -0.181691 -0.107017 -0.596419 0.77448 0.680537 0.659415 -0.468478 0.756175 0.375898 0.902876 0.167212 0.392493 -0.0500592 -0.31764 0.0689036 0.142016 -0.14231 -0.197802 0.327751 21.3325
state369: 0.548357 0.598708 0.916951 -0.17244 -0.113974 -0.588982 0.781265 0.70073 0.661857 -0.433818 0.753151 0.382013 0.864395 0.146754 0.391111 -0.0809799 -0.324029 0.0182624 0.131809 -0.180278 -0.175346 0.326288 21.3053
state370: 0.541452 0.593572 0.920043 -0.163148 -0.120904 -0.581407 0.787865 0.720923 0.664298 -0.399158 0.750127 0.388127 0.825913 0.126284 0.390037 -0.11182 -0.329726 -0.0317482 0.121348 -0.219431 -0.156048 0.324932 21.2799
state371: 0.534547 0.588435 0.923135 -0.153818 -0.127805 -0.573694 0.79428 0.741116 0.66674 -0.364497 0.747102 0.394241 0.787431 0.105806 0.389273 -0.142552 -0.334718 -0.08112 0.110746 -0.259541 -0.139893 0.32372 21.2564
state372: 0.527642 0.583298 0.926227 -0.144452 -0.134677 -0.565847 0.800508 0.761309 0.669182 -0.329837 0.744078 0.400356 0.748949 0.0853218 0.388819 -0.173143 -0.338999 -0.129846 0.10011 -0.300379 -0.126843 0.322685 21.2345
state373: 0.520738 0.578161 0.929319 -0.135052 -0.141517 -0.557867 0.806547 0.781501 0.671623 -0.295177 0.741054 0.40647 0.710467 0.0648351 0.388674 -0.203563 -0.342559 -0.177919 0.0895439 -0.34172 -0.116837 0.321857 21.2142
state374: 0.513833 0.573024 0.932411 -0.12562 -0.148323 -0.549755 0.812397 0.801694 0.674065 -0.260516 0.73803 0.412584 0.671985 0.0443485 0.38884 -0.233776 -0.345396 -0.225332 0.0791456 -0.383342 -0.10979 0.321262 21.1954
state375: 0.506928 0.567887 0.935503 -0.116159 -0.155095 -0.541514 0.818056 0.821887 0.676506 -0.225856 0.735005 0.418699 0.633503 0.0238648 0.389316 -0.263749 -0.347506 -0.272078 0.0690069 -0.425034 -0.105595 0.320924 21.178
state376: 0.500023 0.562751 0.938595 -0.10667 -0.16183 -0.533145 0.823522 0.84208 0.678948 -0.191196 0.731981 0.424813 0.595021 0.00338701 0.390101 -0.293445 -0.34889 -0.318145 0.0592136 -0.466596 -0.104128 0.320861 21.1619
state377: 0.493118 0.557614 0.941687 -0.0971561 -0.168527 -0.524652 0.828794 0.862272 0.68139 -0.156535 0.728957 0.430927 0.556539 -0.0170821 0.391196 -0.322829 -0.34955 -0.363522 0.0498443 -0.507842 -0.105247 0.32109 21.1471
state378: 0.486213 0.552477 0.94478 -0.0876193 -0.175184 -0.516034 0.833872 0.882465 0.683831 -0.121875 0.725933 0.437042 0.518057 -0.0375397 0.392599 -0.351863 -0.349492 -0.408192 0.0409706 -0.548603 -0.108799 0.321622 21.1334
state379: 0.479308 0.54734 0.947872 -0.0780619 -0.1818 -0.507295 0.838753 0.902658 0.686273 -0.0872148 0.722908 0.443156 0.479575 -0.0579831 0.394311 -0.380513 -0.348724 -0.452137 0.0326563 -0.588726 -0.11462 0.322469 21.121
state380: 0.472404 0.542203 0.950964 -0.0684862 -0.188374 -0.498437 0.843437 0.922851 0.688714 -0.0525545 0.719884 0.44927 0.441093 -0.0784094 0.396329 -0.408741 -0.347254 -0.495335 0.0249572 -0.628076 -0.12254 0.323634 21.1097
state381: 0.465499 0.537067 0.954056 -0.0588943 -0.194903 -0.489462 0.847922 0.943043 0.691156 -0.0178942 0.71686 0.455385 0.402611 -0.0988161 0.398653 -0.436514 -0.345095 -0.537762 0.0179208 -0.666537 -0.132388 0.325123 21.0995
state382: 0.458594 0.53193 0.957148 -0.0492886 -0.201386 -0.480371 0.852208 0.963236 0.693598 0.0167661 0.713835 0.461499 0.364129 -0.1192 0.401282 -0.463795 -0.342262 -0.579389 0.0115862 -0.704008 -0.143991 0.326933 21.0905
state383: 0.451689 0.526793 0.96024 -0.0396713 -0.207822 -0.471167 0.856293 0.983429 0.696039 0.0514265 0.710811 0.467614 0.325647 -0.13956 0.404214 -0.490554 -0.33877 -0.620186 0.00598383 -0.740407 -0.157183 0.329063 21.0826
state384: 0.444784 0.521656 0.963332 -0.0300446 -0.214209 -0.461853 0.860177 1.00362 0.698481 0.0860868 0.707787 0.473728 0.287166 -0.159892 0.407447 -0.516758 -0.334639 -0.66012 0.00113533 -0.775664 -0.171801 0.331507 21.0759
state385: 0.444784 0.521656 0.963332 -0.0300446 -0.214209 -0.461853 0.860177 1.00362 0.698481 0.0860868 0.707787 0.473728 0.287166 -0.159892 0.407447 -0.516758 -0.334639 -0.66012 0.00113533 -0.775664 -0.171801 0.331507 21.0759
state386: 0.41837 0.508074 0.962144 -0.0281689 -0.207856 -0.450714 0.867674 0.957147 0.733624 0.0849794 0.715189 0.490508 0.31432 -0.150695 0.396395 -0.494375 -0.30044 -0.621756 0.02071 -0.742287 -0.167445 0.337209 21.1056
state387: 0.391955 0.494491 0.960956 -0.0262869 -0.201457 -0.439475 0.874978 0.910672 0.768767 0.083872 0.722591 0.507287 0.341475 -0.141903 0.385094 -0.471297 -0.267375 -0.583072 0.0381347 -0.710273 -0.166975 0.34308 21.1354
state388: 0.36554 0.480909 0.959767 -0.024399 -0.195013 -0.428137 0.882085 0.864197 0.803909 0.0827646 0.729993 0.524067 0.36863 -0.133518 0.373556 -0.447487 -0.235509 -0.544134 0.0533241 -0.679927 -0.170309 0.349089 21.1654
state389: 0.339125 0.467326 0.958579 -0.0225057 -0.188526 -0.416703 0.888994 0.817723 0.839052 0.0816572 0.737396 0.540847 0.395785 -0.125539 0.361794 -0.422915 -0.204909 -0.505021 0.0662038 -0.651558 -0.177322 0.355203 21.196
state390: 0.312711 0.453744 0.957391 -0.0206072 -0.181996 -0.405175 0.895704 0.771248 0.874195 0.0805499 0.744798 0.557626 0.42294 -0.117966 0.349819 -0.39756 -0.175638 -0.465833 0.0767111 -0.625468 -0.187853 0.361386 21.227
state391: 0.286296 0.440161 0.956203 -0.0187042 -0.175425 -0.393557 0.902213 0.724773 0.909338 0.0794425 0.7522 0.574406 0.450095 -0.110799 0.337643 -0.371404 -0.147762 -0.426679 0.0847962 -0.601954 -0.201707 0.3676 21.2587
state392: 0.259881 0.426579 0.955014 -0.016797 -0.168815 -0.381851 0.90852 0.678298 0.944481 0.0783351 0.759602 0.591186 0.47725 -0.104036 0.325277 -0.344441 -0.121345 -0.387683 0.0904231 -0.581298 -0.218657 0.373806 21.2911
state393: 0.233466 0.412997 0.953826 -0.014886 -0.162167 -0.370059 0.914624 0.631824 0.979624 0.0772277 0.767004 0.607965 0.504405 -0.0976778 0.312733 -0.316669 -0.0964497 -0.348976 0.0935703 -0.56377 -0.238448 0.379965 21.3242
state394: 0.207052 0.399414 0.952638 -0.0129717 -0.155483 -0.358184 0.920522 0.585349 1.01477 0.0761203 0.774406 0.624745 0.531559 -0.0917213 0.300024 -0.288097 -0.0731392 -0.310696 0.0942308 -0.549627 -0.260799 0.386038 21.358
state395: 0.180637 0.385832 0.95145 -0.0110545 -0.148763 -0.346229 0.926214 0.538874 1.04991 0.0750129 0.781808 0.641525 0.558714 -0.0861651 0.287159 -0.25874 -0.0514728 -0.272983 0.092412 -0.539116 -0.285407 0.391988 21.3926
state396: 0.154222 0.372249 0.950262 -0.00913476 -0.142011 -0.334196 0.931699 0.492399 1.08505 0.0739055 0.78921 0.658304 0.585869 -0.0810076 0.27415 -0.228623 -0.0315084 -0.235977 0.088136 -0.532472 -0.311951 0.397778 21.4277
state397: 0.127808 0.358667 0.949073 -0.007213 -0.135227 -0.322088 0.936974 0.445925 1.1202 0.0727982 0.796613 0.675084 0.613024 -0.0762467 0.261008 -0.197777 -0.0133003 -0.199816 0.0814379 -0.529924 -0.34009 0.403377 21.4635
state398: 0.101393 0.345084 0.947885 -0.00528963 -0.128412 -0.309908 0.94204 0.39945 1.15534 0.0716908 0.804015 0.691864 0.640179 -0.0718803 0.247743 -0.166245 0.00310019 -0.164631 0.072366 -0.531695 -0.369464 0.408755 21.4998
state399: 0.0749781 0.331502 0.946697 0.00336508 0.121568 0.297659 -0.946894 0.352975 1.19048 0.0705834 0.811417 0.708643 0.667334 -0.0679063 0.234368 -0.134077 0.0176465 -0.130546 0.0609797 -0.538003 -0.399697 0.413888 21.5365
state400: 0.0749781 0.331502 0.946697 0.00336508 0.121568 0.297659 -0.946894 0.352975 1.19048 0.0705834 0.811417 0.708643 0.667334 -0.0679063 0.234368 -0.134077 0.0176465 -0.130546 0.0609797 -0.538003 -0.399697 0.413888 21.5365
state401: 0.0714077 0.315716 0.944473 0.0032102 0.115973 0.283959 -0.951792 0.336167 1.20855 0.0672223 0.84754 0.674898 0.710318 -0.0613284 0.224468 -0.125186 0.0165891 -0.120684 0.0604769 -0.519502 -0.363198 0.423254 21.4879
state402: 0.0678373 0.29993 0.94225 0.00305454 0.11035 0.27019 -0.956457 0.319358 1.22663 0.0638612 0.883663 0.641154 0.753302 -0.0550757 0.214379 -0.116631 0.0154342 -0.11132 0.0595523 -0.500349 -0.328023 0.432228 21.4405
state403: 0.0642669 0.284144 0.940026 0.00289814 0.1047 0.256356 -0.960891 0.30255 1.2447 0.0605 0.919786 0.607409 0.796286 -0.0491507 0.20411 -0.108403 0.0142046 -0.10244 0.0582578 -0.480477 -0.294212 0.440781 21.3942
state404: 0.0606965 0.268359 0.937802 0.00274103 0.0990239 0.242459 -0.965091 0.285742 1.26277 0.0571389 0.955909 0.573664 0.83927 -0.0435556 0.193672 -0.100494 0.0129224 -0.0940291 0.0566404 -0.459828 -0.261817 0.448883 21.3489
state405: 0.0571261 0.252573 0.935579 0.00258326 0.0933242 0.228503 -0.969056 0.268933 1.28084 0.0537778 0.992032 0.539919 0.882254 -0.0382922 0.183074 -0.0928928 0.0116091 -0.0860666 0.0547422 -0.438354 -0.230896 0.456507 21.3046
state406: 0.0535558 0.236787 0.933355 0.00242486 0.0876018 0.214492 -0.972786 0.252125 1.29891 0.0504167 1.02815 0.506174 0.925238 -0.0333622 0.172328 -0.085587 0.0102853 -0.0785292 0.0526001 -0.416019 -0.201517 0.463629 21.2613
state407: 0.0499854 0.221001 0.931131 0.00226587 0.0818581 0.200428 -0.97628 0.235317 1.31699 0.0470556 1.06428 0.472429 0.968223 -0.0287671 0.161441 -0.0785636 0.00897095 -0.0713917 0.0502454 -0.392797 -0.173757 0.470225 21.2188
state408: 0.046415 0.205215 0.928908 0.00210633 0.0760945 0.186316 -0.979536 0.218508 1.33506 0.0436945 1.1004 0.438684 1.01121 -0.024508 0.150426 -0.0718082 0.00768486 -0.0646271 0.0477039 -0.36868 -0.147697 0.476276 21.1772
state409: 0.0428446 0.18943 0.926684 0.00194628 0.0703124 0.172159 -0.982555 0.2017 1.35313 0.0403334 1.13652 0.404939 1.05419 -0.020586 0.139292 -0.0653052 0.00644496 -0.0582077 0.0449955 -0.343671 -0.123425 0.481762 21.1362
state410: 0.0392742 0.173644 0.92446 0.00178576 0.0645132 0.15796 -0.985334 0.184892 1.3712 0.0369723 1.17265 0.371194 1.09717 -0.0170019 0.128048 -0.0590377 0.00526804 -0.052106 0.0421348 -0.317793 -0.101033 0.486669 21.0957
state411: 0.0357038 0.157858 0.922237 0.0016248 0.0586984 0.143722 -0.987874 0.168083 1.38928 0.0336111 1.20877 0.337449 1.14016 -0.0137563 0.116705 -0.0529882 0.00416973 -0.0462948 0.0391309 -0.291086 -0.0806126 0.490984 21.0555
state412: 0.0321335 0.142072 0.920013 0.00146345 0.0528693 0.12945 -0.990174 0.151275 1.40735 0.03025 1.24489 0.303704 1.18314 -0.01085 0.105273 -0.0471378 0.00316445 -0.0407487 0.0359875 -0.263609 -0.0622531 0.494694 21.0155
state413: 0.0285631 0.126286 0.917789 0.00130174 0.0470273 0.115146 -0.992234 0.134467 1.42542 0.0268889 1.28102 0.269959 1.22613 -0.00828321 0.0937613 -0.041467 0.0022653 -0.0354442 0.0327038 -0.235439 -0.0460401 0.497791 20.9752
state414: 0.0249927 0.110501 0.915566 0.00113971 0.0411739 0.100814 -0.994052 0.117658 1.44349 0.0235278 1.31714 0.236214 1.26911 -0.0060564 0.0821803 -0.0359555 0.00148404 -0.0303605 0.0292741 -0.206673 -0.0320511 0.500268 20.9345
state415: 0.0214223 0.0947148 0.913342 0.000977413 0.0353105 0.0864574 -0.995629 0.10085 1.46157 0.0201667 1.35326 0.20247 1.3121 -0.00416981 0.0705399 -0.0305822 0.000831035 -0.02548 0.0256889 -0.177428 -0.0203531 0.502119 20.8927
state416: 0.0178519 0.078929 0.911118 0.000814874 0.0294386 0.0720799 -0.996964 0.0840417 1.47964 0.0168056 1.38938 0.168725 1.35508 -0.0026236 0.0588498 -0.0253255 0.000315191 -0.0207889 0.0219349 -0.147833 -0.010999 0.503342 20.8494
state417: 0.0142815 0.0631432 0.908895 0.000652137 0.0235594 0.057685 -0.998057 0.0672334 1.49771 0.0134445 1.42551 0.13498 1.39806 -0.00141789 0.04712 -0.020163 -5.60556e-05 -0.0162775 0.0179961 -0.118034 -0.00402573 0.503933 20.8038
state418: 0.0107112 0.0473574 0.906671 0.000489241 0.0176746 0.043276 -0.998907 0.050425 1.51578 0.0100833 1.46163 0.101235 1.44105 -0.000552704 0.0353603 -0.0150723 -0.000276791 -0.0119406 0.0138539 -0.088188 0.000548385 0.503894 20.7553
state419: 0.00714077 0.0315716 0.904447 0.000326227 0.0117854 0.0288565 -0.999514 0.0336167 1.53386 0.00672223 1.49775 0.0674898 1.48403 -2.80446e-05 0.0235805 -0.0100304 -0.00034264 -0.00777804 0.00948809 -0.0584566 0.00272517 0.503226 20.7028
state420: 0.00357038 0.0157858 0.902224 0.000163133 0.00589344 0.01443 -0.999879 0.0168083 1.55193 0.00336111 1.53388 0.0337449 1.52702 0.000156153 0.0117904 -0.00501407 -0.00025079 -0.00379452 0.00487733 -0.0290059 0.00252759 0.50193 20.6453
state421: 0 0 0.9 0 0 0 1 0 1.57 0 1.57 0 1.57 -0 0 -0 0 -0 0 -0 0 0.5 20.5815
end
