start_state: 0 -0.25 0.2 0 0 0 1 0 1.57 0 1.57 0 1.57 -0 0 -0 0 -0 0 -0 0
goal_state: 0 0 0.9 0 0 0 1 0 1.57 0 1.57 0 1.57 1.63042e-322 6.91478e-310 2.122e-314 1.31317e-316 1.63042e-322 3.56459e+150 6.21833e+175 3.28401e-317
states: 348
planning_mode: 2
locomotion_mode: 1
planning_time: 72000
motion_cost: 6.19279
minimum_var: 0.268928
minimum_var_state_entry: 138
maximum_force : 21.8822
maximum_force_state_entry: 329
state0: 0 -0.25 0.2 0 0 0 1 0 1.57 0 1.57 0 1.57 -0 0 -0 0 -0 0 -0 0 0.5 20.5815
state1: 0 -0.25 0.2 0 0 0 1 0 1.57 0 1.57 0 1.57 -0 0 -0 0 -0 0 -0 0 0.5 20.5815
state2: 0 -0.25 0.2 0 0 0 1 0 1.57 0 1.57 0 1.57 -0 0 -0 0 -0 0 -0 0 0.5 20.5815
state3: 0.00244914 -0.24773 0.211338 -0.000523242 0.0024519 0.00633908 0.999977 -0.00051233 1.53297 -0.0136604 1.53634 0.054468 1.55947 0.00101539 -0.00491033 -0.00435646 -0.00118098 0.0123219 0.00478376 -0.0495413 -0.0128833 0.496457 20.6354
state4: 0.00489828 -0.245459 0.222676 -0.00104646 0.00490368 0.0126779 0.999907 -0.00102466 1.49594 -0.0273208 1.50268 0.108936 1.54895 0.00196848 -0.00983313 -0.00863661 -0.00262165 0.0240541 0.0102975 -0.098089 -0.0261987 0.492544 20.6857
state5: 0.00734742 -0.243189 0.234014 -0.00156963 0.00735523 0.0190161 0.999791 -0.00153699 1.4589 -0.0409811 1.46902 0.163404 1.53842 0.00285918 -0.0147676 -0.0128288 -0.00431826 0.0351703 0.0164864 -0.145705 -0.0398861 0.488267 20.7326
state6: 0.00979656 -0.240918 0.245352 -0.00209272 0.00980644 0.0253534 0.999628 -0.00204932 1.42187 -0.0546415 1.43536 0.217872 1.52789 0.00368736 -0.019713 -0.0169214 -0.00626656 0.0456492 0.0232954 -0.192455 -0.0538886 0.483624 20.7764
state7: 0.0122457 -0.238648 0.25669 -0.00261572 0.0122572 0.0316895 0.999419 -0.00256165 1.38484 -0.0683019 1.4017 0.27234 1.51736 0.00445293 -0.0246684 -0.0209032 -0.0084618 0.0554739 0.0306695 -0.238411 -0.0681525 0.478616 20.8173
state8: 0.0146948 -0.236378 0.268028 -0.0031386 0.0147074 0.0380242 0.999164 -0.00307398 1.34781 -0.0819623 1.36804 0.326808 1.50684 0.00515576 -0.0296332 -0.024763 -0.0108988 0.064632 0.038554 -0.283647 -0.0826282 0.473243 20.8556
state9: 0.017144 -0.234107 0.279366 -0.00366133 0.0171569 0.0443571 0.998862 -0.00358631 1.31078 -0.0956227 1.33439 0.381276 1.49631 0.00579577 -0.0346064 -0.0284899 -0.0135719 0.0731155 0.0468952 -0.32824 -0.0972699 0.46751 20.8915
state10: 0.0195931 -0.231837 0.290705 -0.00418389 0.0196056 0.0506879 0.998513 -0.00409864 1.27375 -0.109283 1.30073 0.435744 1.48578 0.00637285 -0.0395874 -0.0320734 -0.0164751 0.0809203 0.0556406 -0.372269 -0.112036 0.461421 20.9252
state11: 0.0220423 -0.229566 0.302043 -0.00470626 0.0220534 0.0570164 0.998119 -0.00461097 1.23671 -0.122943 1.26707 0.490212 1.47526 0.0068869 -0.0445752 -0.0355031 -0.0196018 0.0880462 0.064739 -0.415813 -0.126889 0.454983 20.9569
state12: 0.0244914 -0.227296 0.313381 -0.00522841 0.0245002 0.0633422 0.997677 -0.0051233 1.19968 -0.136604 1.23341 0.54468 1.46473 0.00733782 -0.0495692 -0.0387688 -0.022945 0.0944966 0.0741412 -0.458954 -0.141796 0.448203 20.9867
state13: 0.0269405 -0.225026 0.324719 -0.00575031 0.0269458 0.0696651 0.99719 -0.00563563 1.16265 -0.150264 1.19975 0.599148 1.4542 0.00772552 -0.0545684 -0.0418608 -0.0264975 0.100278 0.0837998 -0.501769 -0.156727 0.441093 21.0147
state14: 0.0293897 -0.222755 0.336057 -0.00627195 0.0293902 0.0759847 0.996656 -0.00614797 1.12562 -0.163925 1.16609 0.653616 1.44367 0.00804991 -0.0595722 -0.0447696 -0.0302515 0.105401 0.0936701 -0.544339 -0.171653 0.433663 21.0412
state15: 0.0318388 -0.220485 0.347395 -0.0067933 0.0318332 0.0823008 0.996076 -0.0066603 1.08859 -0.177585 1.13243 0.708084 1.43315 0.0083109 -0.0645796 -0.0474861 -0.0341989 0.109877 0.10371 -0.586739 -0.186553 0.425927 21.0661
state16: 0.034288 -0.218214 0.358733 -0.00731433 0.0342747 0.0886131 0.995449 -0.00717263 1.05156 -0.191245 1.09877 0.762552 1.42262 0.0085084 -0.0695899 -0.0500013 -0.0383311 0.113722 0.113878 -0.629045 -0.201402 0.417898 21.0895
state17: 0.0367371 -0.215944 0.370071 -0.00783502 0.0367147 0.0949213 0.994777 -0.00768496 1.01452 -0.204906 1.06511 0.81702 1.41209 0.00864232 -0.0746024 -0.0523069 -0.0426395 0.116953 0.12414 -0.671329 -0.21618 0.409593 21.1116
state18: 0.0391862 -0.213674 0.381409 -0.00835534 0.0391529 0.101225 0.994058 -0.00819729 0.977493 -0.218566 1.03145 0.871488 1.40157 0.00871259 -0.0796161 -0.0543946 -0.0471147 0.119589 0.134461 -0.713659 -0.230868 0.401028 21.1324
state19: 0.0416354 -0.211403 0.392747 -0.00887528 0.0415893 0.107524 0.993293 -0.00870962 0.940461 -0.232226 0.997793 0.925955 1.39104 0.00871911 -0.0846303 -0.0562566 -0.0517474 0.121652 0.144809 -0.756103 -0.245445 0.392222 21.1518
state20: 0.0440845 -0.209133 0.404085 -0.00939481 0.0440238 0.113818 0.992481 -0.00922195 0.90343 -0.245887 0.964134 0.980423 1.38051 0.00866182 -0.0896442 -0.0578855 -0.0565277 0.123162 0.155159 -0.798721 -0.25989 0.383194 21.17
state21: 0.0465337 -0.206862 0.415423 -0.0099139 0.0464562 0.120107 0.991624 -0.00973428 0.866398 -0.259547 0.930475 1.03489 1.36998 0.00854062 -0.094657 -0.0592743 -0.0614454 0.124145 0.165484 -0.841572 -0.274182 0.373965 21.1869
state22: 0.0489828 -0.204592 0.426761 -0.0104325 0.0488865 0.12639 0.99072 -0.0102466 0.829366 -0.273208 0.896815 1.08936 1.35946 0.00835545 -0.0996678 -0.0604163 -0.0664903 0.124623 0.175766 -0.88471 -0.288296 0.364555 21.2024
state23: 0.0514319 -0.202322 0.438099 -0.0109507 0.0513145 0.132667 0.989771 -0.0107589 0.792334 -0.286868 0.863156 1.14383 1.34893 0.00810623 -0.104676 -0.0613051 -0.0716516 0.124622 0.185985 -0.928185 -0.302206 0.354988 21.2166
state24: 0.0538811 -0.200051 0.449437 -0.0114683 0.0537401 0.138939 0.988775 -0.0112713 0.755303 -0.300528 0.829497 1.1983 1.3384 0.0077929 -0.10968 -0.0619348 -0.0769186 0.124166 0.196128 -0.972041 -0.315882 0.345286 21.2293
state25: 0.0563302 -0.197781 0.460775 0.0119854 -0.0561633 -0.145203 -0.987734 -0.0117836 0.718271 -0.314189 0.795838 1.25276 1.32788 0.00741538 -0.114681 -0.0622999 -0.08228 0.123281 0.206183 -1.01632 -0.329291 0.335472 21.2404
state26: 0.0563302 -0.197781 0.460775 0.0119854 -0.0561633 -0.145203 -0.987734 -0.0117836 0.718271 -0.314189 0.795838 1.25276 1.32788 0.00741538 -0.114681 -0.0622999 -0.08228 0.123281 0.206183 -1.01632 -0.329291 0.335472 21.2404
state27: 0.0580065 -0.196981 0.461494 0.014652 -0.0670563 -0.154818 -0.985556 -0.0310287 0.73091 -0.289284 0.811792 1.22679 1.33325 0.0081947 -0.137142 -0.0649356 -0.0843799 0.104717 0.187628 -1.01247 -0.30622 0.339485 21.1953
state28: 0.0596827 -0.196182 0.462212 0.0173154 -0.0779343 -0.164399 -0.983158 -0.0502737 0.743548 -0.264379 0.827746 1.20083 1.33862 0.00853136 -0.159614 -0.0679707 -0.0861309 0.085689 0.170198 -1.00732 -0.28238 0.343468 21.1492
state29: 0.061359 -0.195382 0.462931 0.0199748 -0.088795 -0.173943 -0.980541 -0.0695188 0.756187 -0.239474 0.843699 1.17486 1.344 0.0084211 -0.182088 -0.071387 -0.0875123 0.0662472 0.153913 -1.00088 -0.257856 0.347414 21.1022
state30: 0.0630352 -0.194582 0.463649 0.0226299 -0.0996359 -0.183448 -0.977705 -0.0887639 0.768826 -0.214569 0.859653 1.14889 1.34937 0.00785859 -0.204555 -0.0751653 -0.0885042 0.0464432 0.138789 -0.993139 -0.232733 0.351316 21.0544
state31: 0.0647115 -0.193783 0.464368 0.0252798 -0.110455 -0.192912 -0.974652 -0.108009 0.781464 -0.189664 0.875607 1.12292 1.35474 0.0068375 -0.227008 -0.0792851 -0.0890877 0.0263307 0.124841 -0.984116 -0.207094 0.355167 21.0057
state32: 0.0663877 -0.192983 0.465086 0.0279242 -0.121249 -0.202333 -0.971381 -0.127254 0.794103 -0.164759 0.891561 1.09695 1.36012 0.00535037 -0.249436 -0.0837252 -0.0892448 0.00596525 0.112076 -0.973817 -0.181023 0.358959 20.9564
state33: 0.068064 -0.192183 0.465805 0.0305623 -0.132016 -0.211709 -0.967893 -0.146499 0.806742 -0.139854 0.907515 1.07098 1.36549 0.00338863 -0.27183 -0.0884636 -0.0889586 -0.014596 0.100499 -0.962255 -0.154601 0.362685 20.9064
state34: 0.0697402 -0.191384 0.466523 0.0331936 -0.142753 -0.221038 -0.96419 -0.165744 0.81938 -0.11495 0.923469 1.04501 1.37086 0.000942533 -0.294181 -0.0934774 -0.0882134 -0.0352947 0.0901113 -0.949444 -0.127909 0.366336 20.8559
state35: 0.0714165 -0.190584 0.467242 0.0358175 -0.153459 -0.230318 -0.960271 -0.184989 0.832019 -0.0900447 0.939423 1.01904 1.37624 -0.00199887 -0.31648 -0.0987428 -0.0869944 -0.0560713 0.0809076 -0.935397 -0.101024 0.369906 20.8048
state36: 0.0730927 -0.189785 0.46796 0.0384334 -0.16413 -0.239546 -0.956139 -0.204234 0.844658 -0.0651398 0.955377 0.993072 1.38161 -0.00544778 -0.338716 -0.104236 -0.0852883 -0.0768658 0.0728791 -0.920129 -0.0740256 0.373387 20.7533
state37: 0.074769 -0.188985 0.468679 0.0410408 -0.174765 -0.248721 -0.951793 -0.223479 0.857296 -0.0402349 0.971331 0.967103 1.38698 -0.00941769 -0.360879 -0.109931 -0.0830828 -0.0976179 0.0660119 -0.903657 -0.0469891 0.376771 20.7015
state38: 0.0764452 -0.188185 0.469397 0.043639 -0.185361 -0.25784 -0.947236 -0.242724 0.869935 -0.01533 0.987284 0.941134 1.39236 -0.0139235 -0.382957 -0.115804 -0.080367 -0.118268 0.0602877 -0.885995 -0.0199895 0.380054 20.6493
state39: 0.0781215 -0.187386 0.470116 0.0462274 -0.195916 -0.266902 -0.942467 -0.261969 0.882573 0.0095749 1.00324 0.915165 1.39773 -0.0189813 -0.404941 -0.121828 -0.0771312 -0.138756 0.0556833 -0.867159 0.00689995 0.383229 20.5969
state40: 0.0797977 -0.186586 0.470834 0.0488056 -0.206427 -0.275905 -0.937487 -0.281214 0.895212 0.0344798 1.01919 0.889196 1.40311 -0.024609 -0.426818 -0.127979 -0.0733671 -0.159024 0.052171 -0.847165 0.0336072 0.386291 20.5444
state41: 0.081474 -0.185786 0.471553 0.0513729 -0.216892 -0.284845 -0.932299 -0.30046 0.907851 0.0593847 1.03515 0.863227 1.40848 -0.0308256 -0.448576 -0.13423 -0.0690678 -0.179017 0.0497187 -0.826028 0.0600619 0.389236 20.4917
state42: 0.0831502 -0.184987 0.472271 0.0539287 -0.227308 -0.293723 -0.926903 -0.319705 0.920489 0.0842896 1.0511 0.837257 1.41385 -0.037652 -0.470201 -0.140555 -0.0642275 -0.198679 0.0482903 -0.803766 0.0861951 0.392063 20.4391
state43: 0.0848265 -0.184187 0.472989 0.0564725 -0.237674 -0.302535 -0.9213 -0.33895 0.933128 0.109194 1.06705 0.811288 1.41923 -0.0451104 -0.491681 -0.146928 -0.0588419 -0.21796 0.0478456 -0.780396 0.11194 0.394769 20.3865
state44: 0.0865027 -0.183388 0.473708 0.0590037 -0.247987 -0.311279 -0.915492 -0.358195 0.945767 0.134099 1.08301 0.785319 1.4246 -0.0532248 -0.513001 -0.153324 -0.0529081 -0.236811 0.0483408 -0.755936 0.13723 0.397353 20.334
state45: 0.088179 -0.182588 0.474426 0.0615217 -0.258245 -0.319954 -0.90948 -0.37744 0.958405 0.159004 1.09896 0.75935 1.42997 -0.0620208 -0.534145 -0.159718 -0.0464243 -0.255187 0.0497289 -0.730406 0.162002 0.399817 20.2818
state46: 0.0898552 -0.181788 0.475145 0.0640261 -0.268445 -0.328558 -0.903265 -0.396685 0.971044 0.183909 1.11492 0.733381 1.43535 -0.0715256 -0.555097 -0.166084 -0.0393901 -0.273046 0.0519597 -0.703828 0.186195 0.402163 20.2299
state47: 0.0898552 -0.181788 0.475145 0.0640261 -0.268445 -0.328558 -0.903265 -0.396685 0.971044 0.183909 1.11492 0.733381 1.43535 -0.0715256 -0.555097 -0.166084 -0.0393901 -0.273046 0.0519597 -0.703828 0.186195 0.402163 20.2299
state48: 0.0891546 -0.176787 0.47987 0.0669246 -0.270213 -0.340197 -0.898205 -0.363219 0.99174 0.243639 1.09654 0.735273 1.4127 -0.0751559 -0.559719 -0.200574 -0.0540777 -0.355303 0.0452458 -0.724788 0.25222 0.401346 20.165
state49: 0.0884539 -0.171786 0.484595 0.0698115 -0.271934 -0.351778 -0.892989 -0.329752 1.01244 0.303368 1.07817 0.737164 1.39005 -0.0789461 -0.564253 -0.235801 -0.0670858 -0.435947 0.0380677 -0.74884 0.31593 0.400365 20.1012
state50: 0.0877532 -0.166785 0.489319 0.0726864 -0.273609 -0.363299 -0.88762 -0.296286 1.03313 0.363098 1.0598 0.739056 1.3674 -0.0828948 -0.568697 -0.271703 -0.0783805 -0.514893 0.0307706 -0.775782 0.37717 0.399294 20.0384
state51: 0.0870525 -0.161784 0.494044 0.0755488 -0.275236 -0.374756 -0.882097 -0.26282 1.05383 0.422827 1.04143 0.740947 1.34475 -0.0870001 -0.573046 -0.308213 -0.0879335 -0.592049 0.0236938 -0.805396 0.435798 0.398204 19.9765
state52: 0.0863519 -0.156782 0.498769 0.0783981 -0.276816 -0.386149 -0.876422 -0.229353 1.07452 0.482556 1.02306 0.742839 1.32211 -0.0912601 -0.577297 -0.345259 -0.095723 -0.667316 0.0171627 -0.837438 0.491687 0.39716 19.9157
state53: 0.0856512 -0.151781 0.503494 0.0812339 -0.278347 -0.397475 -0.870596 -0.195887 1.09522 0.542286 1.00468 0.74473 1.29946 -0.0956726 -0.581446 -0.382764 -0.101734 -0.740582 0.0114822 -0.871634 0.544725 0.396221 19.8561
state54: 0.0849505 -0.14678 0.508219 0.0840556 -0.279831 -0.408733 -0.864619 -0.162421 1.11591 0.602015 0.986313 0.746622 1.27681 -0.100235 -0.58549 -0.420649 -0.105958 -0.811721 0.00692916 -0.907664 0.594819 0.395441 19.7981
state55: 0.0842499 -0.141779 0.512943 0.0868629 -0.281267 -0.41992 -0.858494 -0.128954 1.13661 0.661745 0.967941 0.748513 1.25416 -0.104945 -0.589424 -0.458832 -0.108396 -0.880588 0.0037466 -0.945159 0.641891 0.394867 19.742
state56: 0.0835492 -0.136777 0.517668 0.0896551 -0.282654 -0.431034 -0.85222 -0.0954882 1.15731 0.721474 0.949569 0.750405 1.23151 -0.1098 -0.593246 -0.497232 -0.109055 -0.947019 0.00213803 -0.983694 0.685886 0.394542 19.6884
state57: 0.0828485 -0.131776 0.522393 0.0924319 -0.283992 -0.442074 -0.845798 -0.0620219 1.178 0.781204 0.931198 0.752297 1.20886 -0.114796 -0.596952 -0.535768 -0.107949 -1.01083 0.00226266 -1.02278 0.726763 0.394502 19.6378
state58: 0.0821479 -0.126775 0.527118 0.0951927 -0.285281 -0.453038 -0.839231 -0.0285556 1.1987 0.840933 0.912826 0.754188 1.18622 -0.11993 -0.600538 -0.574363 -0.105102 -1.07184 0.00423167 -1.06189 0.764501 0.394779 19.5908
state59: 0.0814472 -0.121774 0.531843 0.0979371 -0.286521 -0.463924 -0.832519 0.0049107 1.21939 0.900663 0.894454 0.75608 1.16357 -0.1252 -0.604001 -0.612941 -0.100543 -1.12983 0.00810546 -1.10041 0.799088 0.395401 19.5481
state60: 0.0807465 -0.116773 0.536568 0.100665 -0.287712 -0.474729 -0.825664 0.038377 1.24009 0.960392 0.876082 0.757971 1.14092 -0.1306 -0.607338 -0.651433 -0.0943088 -1.1846 0.0138921 -1.1377 0.830527 0.396389 19.5101
state61: 0.0800458 -0.111771 0.541292 0.103375 -0.288853 -0.485453 -0.818665 0.0718433 1.26078 1.02012 0.857711 0.759863 1.11827 -0.136128 -0.610546 -0.689776 -0.0864436 -1.23594 0.0215468 -1.17312 0.858817 0.397761 19.4774
state62: 0.0793452 -0.10677 0.546017 0.106067 -0.289944 -0.496093 -0.811526 0.10531 1.28148 1.07985 0.839339 0.761754 1.09562 -0.141779 -0.613621 -0.727913 -0.0769963 -1.28363 0.0309727 -1.20598 0.883956 0.399533 19.4503
state63: 0.0786445 -0.101769 0.550742 0.108741 -0.290985 -0.506647 -0.804246 0.138776 1.30218 1.13958 0.820967 0.763646 1.07297 -0.147548 -0.616562 -0.765796 -0.0660215 -1.32749 0.0420227 -1.23566 0.905927 0.401714 19.4293
state64: 0.0779438 -0.0967676 0.555467 0.111396 -0.291975 -0.517114 -0.796828 0.172242 1.32287 1.19931 0.802595 0.765538 1.05032 -0.153432 -0.619364 -0.803383 -0.0535787 -1.36733 0.054502 -1.26158 0.924693 0.404308 19.4143
state65: 0.0772432 -0.0917664 0.560192 0.114032 -0.292916 -0.527491 -0.789272 0.205708 1.34357 1.25904 0.784223 0.767429 1.02768 -0.159425 -0.622025 -0.840643 -0.0397312 -1.403 0.0681712 -1.28327 0.940187 0.407314 19.4054
state66: 0.0765425 -0.0867652 0.564916 -0.116648 0.293805 0.537777 0.78158 0.239175 1.36426 1.31877 0.765852 0.769321 1.00503 -0.165522 -0.624543 -0.877552 -0.0245457 -1.43437 0.0827511 -1.30041 0.952312 0.410722 19.4024
state67: 0.0765425 -0.0867652 0.564916 -0.116648 0.293805 0.537777 0.78158 0.239175 1.36426 1.31877 0.765852 0.769321 1.00503 -0.165522 -0.624543 -0.877552 -0.0245457 -1.43437 0.0827511 -1.30041 0.952312 0.410722 19.4024
state68: 0.0767778 -0.0860427 0.569559 -0.119601 0.296993 0.539915 0.778449 0.230169 1.36522 1.32334 0.754802 0.693697 1.00704 -0.167593 -0.632963 -0.8773 -0.0229274 -1.43574 0.0714004 -1.30843 0.959406 0.408867 19.3762
state69: 0.0770132 -0.0853203 0.574202 -0.12255 0.30017 0.542035 0.775292 0.221164 1.36618 1.32792 0.743752 0.618073 1.00906 -0.169772 -0.641368 -0.87705 -0.0212535 -1.43704 0.0600555 -1.31634 0.965316 0.406665 19.3512
state70: 0.0772485 -0.0845978 0.578844 -0.125494 0.303338 0.544137 0.772109 0.212158 1.36714 1.3325 0.732702 0.54245 1.01108 -0.172059 -0.649756 -0.8768 -0.0195239 -1.43827 0.0487158 -1.32383 0.970105 0.404149 19.3274
state71: 0.0774839 -0.0838753 0.583487 -0.128435 0.306495 0.54622 0.768901 0.203152 1.36809 1.33707 0.721652 0.466826 1.01309 -0.174457 -0.658128 -0.876551 -0.0177387 -1.43942 0.0373806 -1.33062 0.973853 0.401349 19.3051
state72: 0.0777192 -0.0831529 0.58813 -0.131371 0.309643 0.548286 0.765667 0.194147 1.36905 1.34165 0.710602 0.391202 1.01511 -0.176968 -0.666481 -0.876302 -0.015898 -1.44051 0.0260494 -1.33644 0.976658 0.398289 19.2842
state73: 0.0779546 -0.0824304 0.592773 -0.134303 0.31278 0.550333 0.762407 0.185141 1.37001 1.34622 0.699552 0.315579 1.01713 -0.179594 -0.674816 -0.876053 -0.0140019 -1.44152 0.0147214 -1.34106 0.978631 0.394991 19.2646
state74: 0.0781899 -0.081708 0.597415 -0.13723 0.315906 0.552362 0.759123 0.176136 1.37097 1.3508 0.688502 0.239955 1.01914 -0.182339 -0.683132 -0.875803 -0.0120504 -1.44246 0.00339593 -1.34428 0.979896 0.391474 19.2463
state75: 0.0784253 -0.0809855 0.602058 -0.140153 0.319022 0.554373 0.755813 0.16713 1.37192 1.35537 0.677452 0.164331 1.02116 -0.185204 -0.691426 -0.875552 -0.0100437 -1.44334 -0.0079276 -1.34592 0.980584 0.387756 19.2292
state76: 0.0786606 -0.0802631 0.606701 -0.143072 0.322128 0.556365 0.752478 0.158125 1.37288 1.35995 0.666402 0.0887074 1.02318 -0.188191 -0.699699 -0.8753 -0.00798187 -1.44414 -0.0192499 -1.34584 0.980835 0.383853 19.2129
state77: 0.078896 -0.0795406 0.611343 -0.145985 0.325223 0.558338 0.749117 0.149119 1.37384 1.36452 0.655352 0.0130837 1.02519 -0.191305 -0.70795 -0.875046 -0.00586497 -1.44487 -0.0305717 -1.34396 0.980788 0.379781 19.1975
state78: 0.0791313 -0.0788181 0.615986 -0.148894 0.328306 0.560293 0.745732 0.140113 1.3748 1.3691 0.644302 -0.06254 1.02721 -0.194546 -0.716177 -0.87479 -0.00369313 -1.44553 -0.0418936 -1.3402 0.980587 0.375557 19.1825
state79: 0.0793667 -0.0780957 0.620629 -0.151797 0.331379 0.56223 0.742323 0.131108 1.37576 1.37367 0.633252 -0.138164 1.02923 -0.197919 -0.724379 -0.874531 -0.00146648 -1.44613 -0.0532164 -1.33453 0.98037 0.371197 19.168
state80: 0.079602 -0.0773732 0.625271 -0.154696 0.334441 0.564148 0.738888 0.122102 1.37671 1.37825 0.622202 -0.213787 1.03124 -0.201426 -0.732556 -0.87427 0.000814869 -1.44665 -0.0645407 -1.32694 0.980275 0.366718 19.1537
state81: 0.0798374 -0.0766508 0.629914 -0.157589 0.337492 0.566047 0.735429 0.113097 1.37767 1.38283 0.611152 -0.289411 1.03326 -0.20507 -0.740706 -0.874005 0.00315078 -1.44711 -0.0758673 -1.31743 0.980434 0.362137 19.1394
state82: 0.0800727 -0.0759283 0.634557 -0.160477 0.340532 0.567927 0.731945 0.104091 1.37863 1.3874 0.600102 -0.365035 1.03528 -0.208854 -0.748828 -0.873737 0.00554111 -1.4475 -0.0871967 -1.30606 0.980973 0.357473 19.125
state83: 0.0803081 -0.0752058 0.6392 -0.16336 0.34356 0.569788 0.728437 0.0950856 1.37959 1.39198 0.589052 -0.440659 1.03729 -0.212782 -0.75692 -0.873465 0.00798572 -1.44781 -0.0985297 -1.29286 0.98201 0.352743 19.1105
state84: 0.0805434 -0.0744834 0.643842 -0.166238 0.346577 0.571631 0.724905 0.08608 1.38054 1.39655 0.578002 -0.516282 1.03931 -0.216856 -0.764983 -0.873188 0.0104845 -1.44806 -0.109867 -1.27789 0.983655 0.347967 19.0958
state85: 0.0807788 -0.0737609 0.648485 -0.169109 0.349583 0.573454 0.721349 0.0770745 1.3815 1.40113 0.566952 -0.591906 1.04132 -0.22108 -0.773013 -0.872907 0.0130372 -1.44825 -0.121209 -1.26124 0.986013 0.343166 19.0809
state86: 0.0810141 -0.0730385 0.653128 -0.171976 0.352576 0.575258 0.717769 0.0680689 1.38246 1.4057 0.555902 -0.66753 1.04334 -0.225457 -0.781011 -0.872621 0.0156437 -1.44836 -0.132557 -1.24296 0.989176 0.338359 19.0659
state87: 0.0812495 -0.072316 0.65777 -0.174836 0.355558 0.577043 0.714165 0.0590633 1.38342 1.41028 0.544852 -0.743153 1.04536 -0.229992 -0.788974 -0.87233 0.0183039 -1.4484 -0.143911 -1.22316 0.99323 0.333566 19.0508
state88: 0.0814848 -0.0715936 0.662413 -0.177691 0.358529 0.578809 0.710537 0.0500577 1.38437 1.41485 0.533802 -0.818777 1.04737 -0.234687 -0.796902 -0.872034 0.0210175 -1.44838 -0.155273 -1.2019 0.998252 0.328809 19.0358
state89: 0.0817202 -0.0708711 0.667056 -0.18054 0.361487 0.580556 0.706886 0.0410522 1.38533 1.41943 0.522751 -0.894401 1.04939 -0.239547 -0.804793 -0.871731 0.0237844 -1.44828 -0.166641 -1.17927 1.00431 0.324107 19.0212
state90: 0.0819555 -0.0701486 0.671698 -0.183383 0.364433 0.582283 0.703211 0.0320466 1.38629 1.424 0.511701 -0.970024 1.05141 -0.244575 -0.812645 -0.871423 0.0266044 -1.44812 -0.178018 -1.15536 1.01146 0.319482 19.0072
state91: 0.0821909 -0.0694262 0.676341 -0.186219 0.367367 0.583991 0.699512 0.023041 1.38725 1.42858 0.500651 -1.04565 1.05342 -0.249776 -0.820456 -0.871108 0.0294773 -1.44788 -0.189404 -1.13024 1.01976 0.314954 18.9941
state92: 0.0824262 -0.0687037 0.680984 -0.18905 0.370289 0.58568 0.695791 0.0140354 1.3882 1.43316 0.489601 -1.12127 1.05544 -0.255152 -0.828227 -0.870786 0.032403 -1.44758 -0.2008 -1.104 1.02925 0.310542 18.9823
state93: 0.0826616 -0.0679813 0.685627 -0.191874 0.373199 0.587349 0.692046 0.00502987 1.38916 1.43773 0.478551 -1.1969 1.05746 -0.26071 -0.835953 -0.870457 0.0353811 -1.4472 -0.212205 -1.0767 1.03997 0.306266 18.9722
state94: 0.0828969 -0.0672588 0.690269 -0.194692 0.376096 0.588999 0.688278 -0.00397571 1.39012 1.44231 0.467501 -1.27252 1.05947 -0.266452 -0.843635 -0.870121 0.0384115 -1.44676 -0.223621 -1.04841 1.05194 0.302144 18.9642
state95: 0.0831323 -0.0665363 0.694912 -0.197503 0.378981 0.590629 0.684488 -0.0129813 1.39108 1.44688 0.456451 -1.34814 1.06149 -0.272383 -0.85127 -0.869778 0.041494 -1.44624 -0.235049 -1.0192 1.06518 0.298195 18.9589
state96: 0.0833676 -0.0658139 0.699555 -0.200308 0.381853 0.592239 0.680674 -0.0219869 1.39204 1.45146 0.445401 -1.42377 1.06351 -0.278508 -0.858856 -0.869426 0.0446284 -1.44566 -0.246488 -0.989123 1.07971 0.294435 18.9569
state97: 0.083603 -0.0650914 0.704197 -0.203106 0.384712 0.59383 0.676838 -0.0309924 1.39299 1.45603 0.434351 -1.49939 1.06552 -0.284832 -0.866392 -0.869066 0.0478144 -1.44499 -0.25794 -0.958218 1.09553 0.290881 18.9585
state98: 0.0838383 -0.064369 0.70884 -0.205898 0.387559 0.595401 0.67298 -0.039998 1.39395 1.46061 0.423301 -1.57501 1.06754 -0.291358 -0.873876 -0.868698 0.0510518 -1.44426 -0.269405 -0.926527 1.11265 0.287548 18.9644
state99: 0.0838383 -0.064369 0.70884 -0.205898 0.387559 0.595401 0.67298 -0.039998 1.39395 1.46061 0.423301 -1.57501 1.06754 -0.291358 -0.873876 -0.868698 0.0510518 -1.44426 -0.269405 -0.926527 1.11265 0.287548 18.9644
state100: 0.0836574 -0.0621465 0.7091 -0.207696 0.395086 0.593832 0.669427 -0.0699924 1.36476 1.45559 0.442982 -1.51515 1.07105 -0.307684 -0.887722 -0.85692 0.0374306 -1.45415 -0.262609 -0.95331 1.09452 0.285778 18.8903
state101: 0.0834764 -0.059924 0.70936 -0.209479 0.402583 0.592219 0.665824 -0.0999867 1.33556 1.45057 0.462663 -1.45529 1.07457 -0.324582 -0.90143 -0.845138 0.0242505 -1.46346 -0.255791 -0.980655 1.07799 0.284202 18.8216
state102: 0.0832955 -0.0577015 0.70962 -0.211247 0.410051 0.590561 0.662171 -0.129981 1.30636 1.44555 0.482343 -1.39543 1.07808 -0.342082 -0.914989 -0.83336 0.0115123 -1.47219 -0.248943 -1.0084 1.06306 0.282807 18.7581
state103: 0.0831145 -0.0554791 0.70988 -0.212998 0.417487 0.588859 0.658469 -0.159975 1.27717 1.44054 0.502024 -1.33556 1.0816 -0.360216 -0.92839 -0.821596 -0.000783959 -1.48035 -0.242056 -1.03642 1.04973 0.281585 18.6995
state104: 0.0829336 -0.0532566 0.71014 -0.214734 0.424892 0.587113 0.654717 -0.18997 1.24797 1.43552 0.521704 -1.2757 1.08511 -0.379015 -0.941623 -0.809855 -0.0126392 -1.48795 -0.235118 -1.06457 1.038 0.280523 18.6457
state105: 0.0827526 -0.0510341 0.7104 -0.216453 0.432265 0.585323 0.650916 -0.219964 1.21878 1.4305 0.541385 -1.21584 1.08863 -0.398516 -0.954676 -0.798149 -0.0240554 -1.495 -0.22812 -1.09276 1.02784 0.279614 18.5964
state106: 0.0825717 -0.0488116 0.71066 -0.218156 0.439606 0.583489 0.647066 -0.249959 1.18958 1.42548 0.561066 -1.15598 1.09214 -0.418753 -0.967539 -0.786487 -0.0350352 -1.5015 -0.221049 -1.12088 1.01925 0.278846 18.5515
state107: 0.0823907 -0.0465891 0.71092 -0.219843 0.446914 0.581611 0.643168 -0.279953 1.16039 1.42047 0.580746 -1.09611 1.09566 -0.439764 -0.980199 -0.77488 -0.0455822 -1.50747 -0.213894 -1.14882 1.01221 0.27821 18.5107
state108: 0.0822098 -0.0443666 0.711181 -0.221513 0.454189 0.57969 0.639222 -0.309947 1.13119 1.41545 0.600427 -1.03625 1.09917 -0.461585 -0.992641 -0.76334 -0.0557011 -1.51292 -0.206642 -1.1765 1.00668 0.277697 18.4739
state109: 0.0820288 -0.0421442 0.711441 -0.223167 0.461429 0.577725 0.635227 -0.339942 1.102 1.41043 0.620107 -0.976389 1.10268 -0.484257 -1.00485 -0.751877 -0.0653974 -1.51785 -0.199281 -1.20382 1.00265 0.277297 18.441
state110: 0.0818479 -0.0399217 0.711701 -0.224804 0.468635 0.575717 0.631186 -0.369936 1.0728 1.40541 0.639788 -0.916527 1.1062 -0.507817 -1.01682 -0.740502 -0.0746775 -1.5223 -0.191798 -1.23067 1.00009 0.277 18.4832
state111: 0.081667 -0.0376992 0.711961 -0.226424 0.475805 0.573665 0.627096 -0.39993 1.04361 1.40039 0.659469 -0.856664 1.10971 -0.532306 -1.02852 -0.729228 -0.0835485 -1.52626 -0.184181 -1.25698 0.998941 0.276798 18.5396
state112: 0.081486 -0.0354767 0.712221 -0.228027 0.48294 0.571571 0.62296 -0.429925 1.01441 1.39538 0.679149 -0.796802 1.11323 -0.557762 -1.03994 -0.718066 -0.0920186 -1.52975 -0.176418 -1.28264 0.99918 0.27668 18.5917
state113: 0.0813051 -0.0332542 0.712481 -0.229613 0.490039 0.569434 0.618777 -0.459919 0.985217 1.39036 0.69883 -0.736939 1.11674 -0.584224 -1.05106 -0.707025 -0.100097 -1.5328 -0.168496 -1.30754 1.00076 0.276637 18.6397
state114: 0.0811241 -0.0310318 0.712741 -0.231182 0.497101 0.567254 0.614547 -0.489913 0.956021 1.38534 0.71851 -0.677077 1.12026 -0.611729 -1.06186 -0.696117 -0.107793 -1.5354 -0.160405 -1.33159 1.00362 0.27666 18.6838
state115: 0.0809432 -0.0288093 0.713001 -0.232733 0.504126 0.565032 0.610272 -0.519908 0.926826 1.38032 0.738191 -0.617214 1.12377 -0.640311 -1.07232 -0.685353 -0.115117 -1.53759 -0.152133 -1.35466 1.00772 0.276738 18.7239
state116: 0.0807622 -0.0265868 0.713261 -0.234267 0.511113 0.562767 0.605951 -0.549902 0.897631 1.3753 0.757872 -0.557352 1.12729 -0.670003 -1.08242 -0.674743 -0.12208 -1.53937 -0.14367 -1.37665 1.013 0.276861 18.7603
state117: 0.0805813 -0.0243643 0.713521 -0.235784 0.518061 0.56046 0.601584 -0.579897 0.868436 1.37029 0.777552 -0.497489 1.1308 -0.700831 -1.09213 -0.664295 -0.128695 -1.54077 -0.135006 -1.39742 1.01938 0.277019 18.7931
state118: 0.0804003 -0.0221418 0.713781 -0.237283 0.524971 0.558111 0.597172 -0.609891 0.83924 1.36527 0.797233 -0.437627 1.13432 -0.732819 -1.10143 -0.65402 -0.134973 -1.5418 -0.126132 -1.41684 1.02681 0.277201 18.8222
state119: 0.0802194 -0.0199194 0.714041 -0.238764 0.531841 0.55572 0.592716 -0.639885 0.810045 1.36025 0.816913 -0.377764 1.13783 -0.765982 -1.1103 -0.643926 -0.140927 -1.54247 -0.11704 -1.43476 1.0352 0.277395 18.8479
state120: 0.0800384 -0.0176969 0.714301 -0.240227 0.538672 0.553287 0.588215 -0.66988 0.78085 1.35523 0.836594 -0.317902 1.14134 -0.800329 -1.11871 -0.63402 -0.146571 -1.54282 -0.107722 -1.45102 1.04449 0.277589 18.8701
state121: 0.0798575 -0.0154744 0.714561 -0.241672 0.545462 0.550814 0.58367 -0.699874 0.751655 1.35021 0.856274 -0.25804 1.14486 -0.835858 -1.12664 -0.62431 -0.151918 -1.54285 -0.098173 -1.46545 1.05457 0.277769 18.8891
state122: 0.0796766 -0.0132519 0.714821 -0.243099 0.552211 0.548298 0.579081 -0.729868 0.722459 1.3452 0.875955 -0.198177 1.14837 -0.872558 -1.13405 -0.614802 -0.156983 -1.54258 -0.0883864 -1.47786 1.06536 0.277923 18.9048
state123: 0.0794956 -0.0110294 0.715081 -0.244508 0.558919 0.545742 0.574449 -0.759863 0.693264 1.34018 0.895636 -0.138315 1.15189 -0.910406 -1.14092 -0.605502 -0.16178 -1.54203 -0.0783579 -1.48805 1.07676 0.278036 18.9174
state124: 0.0793147 -0.00880696 0.715341 -0.245898 0.565585 0.543145 0.569773 -0.789857 0.664069 1.33516 0.915316 -0.0784521 1.1554 -0.949364 -1.14723 -0.596416 -0.166324 -1.54122 -0.0680839 -1.49579 1.08865 0.278094 18.927
state125: 0.0791337 -0.00658448 0.715601 -0.24727 0.572209 0.540507 0.565055 -0.819851 0.634873 1.33014 0.934997 -0.0185896 1.15892 -0.98938 -1.15294 -0.587546 -0.170629 -1.54016 -0.0575619 -1.50085 1.10092 0.278083 18.9337
state126: 0.0789528 -0.00436199 0.715862 -0.248623 0.578789 0.537828 0.560295 -0.849846 0.605678 1.32513 0.954677 0.0412729 1.16243 -1.03039 -1.15804 -0.578897 -0.174709 -1.53888 -0.0467904 -1.50298 1.11343 0.277988 18.9378
state127: 0.0787718 -0.00213951 0.716122 -0.249958 0.585327 0.535109 0.555492 -0.87984 0.576483 1.32011 0.974358 0.101135 1.16595 -1.07231 -1.1625 -0.570471 -0.178581 -1.53738 -0.0357685 -1.50193 1.12605 0.277797 18.9392
state128: 0.0785909 8.29671e-05 0.716382 -0.251274 0.59182 0.53235 0.550648 -0.909835 0.547288 1.31509 0.994039 0.160998 1.16946 -1.11504 -1.1663 -0.562269 -0.182257 -1.53569 -0.0244968 -1.49741 1.13862 0.277497 18.9382
state129: 0.0784099 0.00230545 0.716642 -0.252572 0.598269 0.529551 0.545763 -0.939829 0.518092 1.31007 1.01372 0.22086 1.17298 -1.15847 -1.16942 -0.554293 -0.185754 -1.53382 -0.0129763 -1.48919 1.15096 0.277081 18.9349
state130: 0.078229 0.00452793 0.716902 -0.25385 0.604673 0.526713 0.540837 -0.969823 0.488897 1.30505 1.0334 0.280723 1.17649 -1.20247 -1.17185 -0.546542 -0.189085 -1.53178 -0.00120922 -1.47702 1.16291 0.276542 18.9292
state131: 0.078048 0.00675041 0.717162 -0.255109 0.611032 0.523835 0.53587 -0.999818 0.459702 1.30004 1.05308 0.340585 1.18001 -1.24691 -1.17357 -0.539016 -0.192264 -1.52959 0.0108015 -1.4607 1.17426 0.275881 18.921
state132: 0.0778671 0.00897289 0.717422 -0.256349 0.617345 0.520917 0.530863 -1.02981 0.430507 1.29502 1.07276 0.400448 1.18352 -1.29165 -1.17457 -0.531712 -0.195305 -1.52726 0.0230521 -1.44013 1.18481 0.275103 18.9103
state133: 0.0776862 0.0111954 0.717682 -0.25757 0.623612 0.517961 0.525816 -1.05981 0.401311 1.29 1.09244 0.46031 1.18703 -1.33652 -1.17485 -0.52463 -0.198221 -1.52481 0.0355381 -1.41527 1.19434 0.274219 18.8965
state134: 0.0775052 0.0134179 0.717942 -0.258772 0.629832 0.514966 0.52073 -1.0898 0.372116 1.28498 1.11212 0.520173 1.19055 -1.38137 -1.17441 -0.517766 -0.201025 -1.52224 0.0482544 -1.38625 1.20264 0.273246 18.8792
state135: 0.0773243 0.0156403 0.718202 -0.259954 0.636004 0.511932 0.515605 -1.1198 0.342921 1.27996 1.1318 0.580035 1.19406 -1.42605 -1.17324 -0.511116 -0.203729 -1.51957 0.061195 -1.35336 1.20947 0.272206 18.8577
state136: 0.0771433 0.0178628 0.718462 -0.261117 0.642129 0.50886 0.510441 -1.14979 0.313726 1.27495 1.15148 0.639898 1.19758 -1.47041 -1.17136 -0.504676 -0.206346 -1.51681 0.0743536 -1.31708 1.21464 0.271125 18.8313
state137: 0.0769624 0.0200853 0.718722 -0.26226 0.648206 0.505749 0.505239 -1.17978 0.28453 1.26993 1.17116 0.69976 1.20109 -1.51429 -1.16878 -0.498442 -0.208886 -1.51397 0.0877234 -1.27809 1.21797 0.270026 18.7991
state138: 0.0767814 0.0223078 0.718982 -0.263383 0.654235 0.502601 0.499999 -1.20978 0.255335 1.26491 1.19084 0.759623 1.20461 -1.55758 -1.1655 -0.492407 -0.211361 -1.51105 0.101297 -1.23728 1.21931 0.268928 18.7606
state139: 0.0767814 0.0223078 0.718982 -0.263383 0.654235 0.502601 0.499999 -1.20978 0.255335 1.26491 1.19084 0.759623 1.20461 -1.55758 -1.1655 -0.492407 -0.211361 -1.51105 0.101297 -1.23728 1.21931 0.268928 18.7606
state140: 0.0798779 0.0141408 0.726196 -0.258192 0.649555 0.509298 0.502026 -1.16008 0.252159 1.25728 1.18417 0.777999 1.14924 -1.51412 -1.15596 -0.511055 -0.235349 -1.53078 0.109378 -1.28784 1.18545 0.269571 18.7943
state141: 0.0829744 0.0059738 0.73341 -0.252976 0.644812 0.515946 0.504004 -1.11038 0.248982 1.24965 1.1775 0.796375 1.09386 -1.47257 -1.14575 -0.529833 -0.258954 -1.55034 0.117205 -1.32872 1.15058 0.270288 18.8226
state142: 0.0860709 -0.00219319 0.740623 -0.247735 0.640006 0.522543 0.505933 -1.06068 0.245806 1.24202 1.17082 0.814751 1.03849 -1.43289 -1.13493 -0.548758 -0.282166 -1.56973 0.124779 -1.36195 1.11494 0.271055 18.8456
state143: 0.0891674 -0.0103602 0.747837 -0.24247 0.635137 0.529089 0.507813 -1.01098 0.242629 1.23439 1.16415 0.833127 0.983122 -1.39505 -1.12354 -0.567843 -0.304976 -1.58894 0.132098 -1.3891 1.07869 0.271863 18.8634
state144: 0.0922639 -0.0185272 0.755051 -0.237181 0.630206 0.535583 0.509643 -0.961275 0.239453 1.22676 1.15747 0.851504 0.92775 -1.359 -1.11163 -0.587103 -0.327373 -1.60798 0.139163 -1.41137 1.04197 0.272709 18.876
state145: 0.0953604 -0.0266942 0.762264 -0.231869 0.625214 0.542025 0.511423 -0.911574 0.236276 1.21913 1.1508 0.86988 0.872379 -1.32466 -1.09922 -0.606549 -0.349351 -1.62684 0.145973 -1.42967 1.00484 0.273592 18.8834
state146: 0.0984569 -0.0348611 0.769478 -0.226534 0.62016 0.548414 0.513153 -0.861874 0.2331 1.2115 1.14412 0.888256 0.817007 -1.29198 -1.08637 -0.626194 -0.3709 -1.64551 0.152527 -1.44471 0.967376 0.274515 18.8857
state147: 0.101553 -0.0430281 0.776692 -0.221177 0.615046 0.554749 0.514833 -0.812173 0.229923 1.20387 1.13745 0.906632 0.761636 -1.26087 -1.0731 -0.646049 -0.392016 -1.664 0.158827 -1.45704 0.92961 0.275477 18.8829
state148: 0.10465 -0.0511951 0.783906 -0.215798 0.609871 0.56103 0.516462 -0.762472 0.226747 1.19624 1.13077 0.925008 0.706264 -1.23126 -1.05946 -0.666125 -0.41269 -1.6823 0.164871 -1.46712 0.891572 0.276481 18.8752
state149: 0.107746 -0.0593621 0.791119 -0.210398 0.604637 0.567257 0.518041 -0.712772 0.22357 1.18861 1.1241 0.943384 0.650893 -1.20306 -1.04546 -0.68643 -0.432919 -1.70042 0.17066 -1.47528 0.853278 0.277526 18.8629
state150: 0.110843 -0.0675291 0.798333 -0.204978 0.599344 0.573427 0.519569 -0.663071 0.220394 1.18097 1.11743 0.961761 0.595521 -1.1762 -1.03113 -0.706973 -0.452697 -1.71835 0.176195 -1.48181 0.814741 0.278613 18.8461
state151: 0.113939 -0.0756961 0.805547 -0.199538 0.593992 0.579542 0.521047 -0.61337 0.217217 1.17334 1.11075 0.980137 0.54015 -1.1506 -1.01651 -0.727763 -0.47202 -1.73608 0.181475 -1.48695 0.775967 0.279738 18.8252
state152: 0.117036 -0.0838631 0.812761 -0.194078 0.588582 0.5856 0.522473 -0.56367 0.214041 1.16571 1.10408 0.998513 0.484778 -1.12617 -1.00161 -0.748807 -0.490886 -1.75364 0.186502 -1.49088 0.736958 0.2809 18.8004
state153: 0.120132 -0.0920301 0.819974 -0.188599 0.583115 0.5916 0.523848 -0.513969 0.210864 1.15808 1.0974 1.01689 0.429407 -1.10286 -0.986459 -0.770112 -0.509292 -1.771 0.191275 -1.49375 0.697717 0.282094 18.7721
state154: 0.123229 -0.100197 0.827188 -0.183102 0.57759 0.597543 0.525172 -0.464268 0.207688 1.15045 1.09073 1.03527 0.374035 -1.0806 -0.971071 -0.791684 -0.527236 -1.78818 0.195797 -1.49569 0.658244 0.283318 18.7406
state155: 0.126325 -0.108364 0.834402 -0.177587 0.572009 0.603427 0.526445 -0.414568 0.204511 1.14282 1.08405 1.05364 0.318664 -1.05931 -0.955468 -0.81353 -0.544719 -1.80517 0.200067 -1.49682 0.618537 0.284564 18.7062
state156: 0.129422 -0.116531 0.841615 -0.172054 0.566372 0.609252 0.527666 -0.364867 0.201335 1.13519 1.07738 1.07202 0.263292 -1.03894 -0.939663 -0.835653 -0.561739 -1.82199 0.204088 -1.49721 0.578597 0.285827 18.6693
state157: 0.132518 -0.124698 0.848829 -0.166505 0.560679 0.615018 0.528836 -0.315166 0.198158 1.12756 1.0707 1.09039 0.207921 -1.01942 -0.923673 -0.85806 -0.578297 -1.83863 0.207861 -1.49695 0.538425 0.287102 18.6302
state158: 0.135615 -0.132865 0.856043 -0.160939 0.554932 0.620724 0.529954 -0.265466 0.194982 1.11993 1.06403 1.10877 0.152549 -1.00072 -0.907512 -0.880755 -0.594394 -1.85509 0.211386 -1.49609 0.49802 0.28838 18.5892
state159: 0.138711 -0.141032 0.863257 -0.155357 0.549131 0.626368 0.53102 -0.215765 0.191805 1.1123 1.05735 1.12715 0.0971778 -0.982759 -0.891191 -0.903744 -0.610032 -1.87139 0.214667 -1.49468 0.457386 0.289654 18.6066
state160: 0.141808 -0.149199 0.87047 -0.149761 0.543275 0.631952 0.532034 -0.166064 0.188629 1.10467 1.05068 1.14552 0.0418063 -0.965509 -0.874722 -0.927029 -0.625214 -1.88752 0.217705 -1.49277 0.416526 0.290917 18.6302
state161: 0.144904 -0.157366 0.877684 -0.144149 0.537367 0.637474 0.532996 -0.116364 0.185453 1.09704 1.04401 1.1639 -0.0135652 -0.94892 -0.858116 -0.950618 -0.639941 -1.9035 0.220503 -1.49038 0.375444 0.292161 18.6554
state162: 0.148001 -0.165533 0.884898 -0.138524 0.531406 0.642933 0.533906 -0.0666629 0.182276 1.08941 1.03733 1.18227 -0.0689367 -0.932951 -0.841383 -0.974512 -0.654217 -1.91932 0.223064 -1.48754 0.334148 0.293376 18.6821
state163: 0.151097 -0.1737 0.892111 -0.132885 0.525393 0.648329 0.534764 -0.0169623 0.1791 1.08178 1.03066 1.20065 -0.124308 -0.917563 -0.824531 -0.998719 -0.668044 -1.935 0.22539 -1.48426 0.292645 0.294556 18.7103
state164: 0.154194 -0.181867 0.899325 -0.127233 0.519329 0.653662 0.53557 0.0327384 0.175923 1.07415 1.02398 1.21903 -0.17968 -0.902719 -0.807568 -1.02324 -0.681427 -1.95055 0.227486 -1.48057 0.250945 0.295692 18.7397
state165: 0.15729 -0.190034 0.906539 -0.121569 0.513214 0.658932 0.536323 0.0824391 0.172747 1.06652 1.01731 1.2374 -0.235051 -0.888386 -0.790503 -1.04809 -0.694368 -1.96597 0.229354 -1.47646 0.209059 0.296774 18.7703
state166: 0.160387 -0.198201 0.913753 -0.115893 0.507048 0.664136 0.537023 0.13214 0.16957 1.05889 1.01063 1.25578 -0.290423 -0.874532 -0.773342 -1.07326 -0.706871 -1.98126 0.231001 -1.47193 0.167001 0.297796 18.802
state167: 0.163483 -0.206368 0.920966 -0.110205 0.500833 0.669276 0.537671 0.18184 0.166394 1.05126 1.00396 1.27416 -0.345794 -0.861128 -0.756091 -1.09877 -0.718938 -1.99645 0.232429 -1.46698 0.124785 0.298749 18.8347
state168: 0.16658 -0.214535 0.92818 -0.104507 0.494569 0.67435 0.538267 0.231541 0.163217 1.04363 0.997284 1.29253 -0.401166 -0.848146 -0.738756 -1.12463 -0.730573 -2.01153 0.233645 -1.46159 0.0824287 0.299625 18.8684
state169: 0.169676 -0.222702 0.935394 -0.098798 0.488257 0.679359 0.53881 0.281242 0.160041 1.03599 0.99061 1.31091 -0.456537 -0.835561 -0.721343 -1.15083 -0.741777 -2.02652 0.234653 -1.45575 0.0399495 0.300416 18.9029
state170: 0.172773 -0.230869 0.942607 -0.0930797 0.481897 0.6843 0.5393 0.330942 0.156864 1.02836 0.983935 1.32928 -0.511909 -0.823349 -0.703857 -1.17739 -0.752552 -2.04144 0.235461 -1.44944 -0.00263214 0.301116 18.9381
state171: 0.175869 -0.239036 0.949821 -0.0873524 0.47549 0.689175 0.539737 0.380643 0.153688 1.02073 0.977261 1.34766 -0.56728 -0.811488 -0.686303 -1.20431 -0.762899 -2.05628 0.236075 -1.44262 -0.0452942 0.301716 18.9742
state172: 0.178966 -0.247203 0.957035 -0.0816165 0.469036 0.693983 0.540122 0.430344 0.150511 1.0131 0.970586 1.36604 -0.622652 -0.799956 -0.668684 -1.23161 -0.772817 -2.07106 0.236502 -1.43526 -0.088013 0.30221 19.011
state173: 0.182062 -0.25537 0.964249 -0.0758726 0.462537 0.698722 0.540454 0.480044 0.147335 1.00547 0.963912 1.38441 -0.678023 -0.788733 -0.651006 -1.2593 -0.782305 -2.08579 0.236751 -1.42732 -0.130762 0.302591 19.0484
state174: 0.185159 -0.263537 0.971462 -0.0701213 0.455992 0.703394 0.540732 0.529745 0.144158 0.997842 0.957237 1.40279 -0.733395 -0.777803 -0.633271 -1.28737 -0.79136 -2.10048 0.236829 -1.41875 -0.173515 0.302853 19.0866
state175: 0.188255 -0.271704 0.978676 -0.0643631 0.449403 0.707996 0.540959 0.579446 0.140982 0.990211 0.950563 1.42117 -0.788766 -0.767146 -0.615484 -1.31585 -0.79998 -2.11515 0.236746 -1.40948 -0.21624 0.30299 19.1254
state176: 0.191352 -0.279871 0.98589 -0.0585986 0.442769 0.712529 0.541132 0.629146 0.137805 0.982581 0.943889 1.43954 -0.844137 -0.756748 -0.597647 -1.34474 -0.808157 -2.12981 0.236511 -1.39946 -0.258904 0.302995 19.1649
state177: 0.194448 -0.288038 0.993103 -0.0528284 0.436093 0.716993 0.541252 0.678847 0.134629 0.97495 0.937214 1.45792 -0.899509 -0.746592 -0.579765 -1.37405 -0.815887 -2.14446 0.236135 -1.38859 -0.301472 0.302863 19.205
state178: 0.197545 -0.296205 1.00032 0.047053 -0.429373 -0.721386 -0.541319 0.728548 0.131452 0.96732 0.93054 1.47629 -0.95488 -0.736664 -0.561838 -1.40378 -0.82316 -2.15912 0.235629 -1.3768 -0.343905 0.302588 19.2458
state179: 0.197545 -0.296205 1.00032 0.047053 -0.429373 -0.721386 -0.541319 0.728548 0.131452 0.96732 0.93054 1.47629 -0.95488 -0.736664 -0.561838 -1.40378 -0.82316 -2.15912 0.235629 -1.3768 -0.343905 0.302588 19.2458
state180: 0.196885 -0.299158 1.00184 0.0473988 -0.422575 -0.719222 -0.549458 0.743922 0.157129 0.969237 0.87989 1.46738 -0.906038 -0.716332 -0.561616 -1.41124 -0.813989 -2.15207 0.204341 -1.41672 -0.306049 0.307832 19.2482
state181: 0.196225 -0.302112 1.00337 0.0477389 -0.415727 -0.716973 -0.557532 0.759296 0.182806 0.971154 0.829241 1.45847 -0.857196 -0.696018 -0.560981 -1.41869 -0.804704 -2.14567 0.172962 -1.45548 -0.26718 0.312763 19.2502
state182: 0.195565 -0.305066 1.0049 0.0480735 -0.40883 -0.71464 -0.565541 0.774671 0.208483 0.973071 0.778592 1.44956 -0.808353 -0.675738 -0.559935 -1.42611 -0.795302 -2.13987 0.141498 -1.49325 -0.227519 0.317393 19.2522
state183: 0.194905 -0.30802 1.00642 0.0484024 -0.401885 -0.712223 -0.573484 0.790045 0.23416 0.974989 0.727942 1.44064 -0.759511 -0.65551 -0.558478 -1.43351 -0.785779 -2.13463 0.109954 -1.53021 -0.187277 0.321732 19.2544
state184: 0.194245 -0.310973 1.00795 0.0487256 -0.394894 -0.709723 -0.581359 0.80542 0.259837 0.976906 0.677293 1.43173 -0.710668 -0.635349 -0.556613 -1.44086 -0.776135 -2.12994 0.0783307 -1.56656 -0.146658 0.325792 19.257
state185: 0.193585 -0.313927 1.00948 0.0490432 -0.387855 -0.707139 -0.589166 0.820794 0.285514 0.978823 0.626644 1.42282 -0.661826 -0.615272 -0.554341 -1.44816 -0.766367 -2.12576 0.0466294 -1.60248 -0.105862 0.329583 19.2602
state186: 0.192925 -0.316881 1.011 0.0493549 -0.380772 -0.704473 -0.596904 0.836168 0.311191 0.98074 0.575995 1.41391 -0.612984 -0.595295 -0.551666 -1.45539 -0.756474 -2.12206 0.0148485 -1.63815 -0.0650804 0.333117 19.264
state187: 0.192265 -0.319834 1.01253 0.0496609 -0.373644 -0.701724 -0.604572 0.851543 0.336867 0.982658 0.525345 1.405 -0.564141 -0.575432 -0.548591 -1.46255 -0.746454 -2.11884 -0.0170147 -1.67377 -0.0245054 0.336406 19.2687
state188: 0.191605 -0.322788 1.01405 0.0499611 -0.366471 -0.698893 -0.61217 0.866917 0.362544 0.984575 0.474696 1.39608 -0.515299 -0.555699 -0.545119 -1.46964 -0.736305 -2.11607 -0.0489641 -1.7095 0.0156745 0.339461 19.2743
state189: 0.190945 -0.325742 1.01558 0.0502554 -0.359256 -0.695979 -0.619695 0.882291 0.388221 0.986492 0.424047 1.38717 -0.466456 -0.53611 -0.541255 -1.47663 -0.726029 -2.11375 -0.0810044 -1.74554 0.0552708 0.342295 19.2808
state190: 0.190285 -0.328695 1.01711 0.0505438 -0.351999 -0.692984 -0.627148 0.897666 0.413898 0.988409 0.373398 1.37826 -0.417614 -0.516679 -0.537003 -1.48352 -0.715623 -2.11186 -0.113142 -1.78203 0.0940941 0.344919 19.2884
state191: 0.189625 -0.331649 1.01863 0.0508263 -0.344701 -0.689908 -0.634527 0.91304 0.439575 0.990327 0.322748 1.36935 -0.368771 -0.497417 -0.532368 -1.49031 -0.705087 -2.11039 -0.145382 -1.81914 0.131953 0.347349 19.297
state192: 0.188965 -0.334603 1.02016 0.0511029 -0.337362 -0.686751 -0.641832 0.928414 0.465252 0.992244 0.272099 1.36043 -0.319929 -0.478339 -0.527355 -1.49699 -0.694422 -2.10934 -0.177732 -1.857 0.168653 0.349598 19.3068
state193: 0.188305 -0.337556 1.02169 0.0513734 -0.329983 -0.683514 -0.649061 0.943789 0.490929 0.994161 0.22145 1.35152 -0.271087 -0.459454 -0.521969 -1.50354 -0.683627 -2.10872 -0.2102 -1.89576 0.203996 0.35168 19.3178
state194: 0.187645 -0.34051 1.02321 0.0516379 -0.322566 -0.680196 -0.656215 0.959163 0.516606 0.996078 0.1708 1.34261 -0.222244 -0.440774 -0.516217 -1.50997 -0.672701 -2.10851 -0.242794 -1.93551 0.237782 0.353611 19.3301
state195: 0.186985 -0.343464 1.02474 0.0518964 -0.315111 -0.676798 -0.663291 0.974537 0.542283 0.997996 0.120151 1.3337 -0.173402 -0.422309 -0.510104 -1.51628 -0.661646 -2.10874 -0.275521 -1.97634 0.269807 0.355405 19.3437
state196: 0.186325 -0.346417 1.02626 0.0521488 -0.307619 -0.673322 -0.67029 0.989912 0.567959 0.999913 0.0695019 1.32479 -0.124559 -0.404068 -0.503637 -1.52244 -0.650461 -2.1094 -0.308388 -2.0183 0.299864 0.35708 19.3587
state197: 0.185665 -0.349371 1.02779 0.052395 -0.300092 -0.669766 -0.67721 1.00529 0.593636 1.00183 0.0188526 1.31587 -0.0757169 -0.386059 -0.496823 -1.52847 -0.639147 -2.11052 -0.341405 -2.06143 0.327748 0.35865 19.3753
state198: 0.185005 -0.352325 1.02932 0.0526351 -0.292528 -0.666131 -0.684051 1.02066 0.619313 1.00375 -0.0317967 1.30696 -0.0268745 -0.36829 -0.489667 -1.53435 -0.627703 -2.1121 -0.374577 -2.10569 0.353255 0.360131 19.3935
state199: 0.184346 -0.355278 1.03084 0.0528691 -0.284931 -0.662419 -0.690811 1.03603 0.64499 1.00566 -0.082446 1.29805 0.0219679 -0.350768 -0.482178 -1.54008 -0.616131 -2.11417 -0.407913 -2.15102 0.376189 0.361538 19.4135
state200: 0.183686 -0.358232 1.03237 0.0530968 -0.2773 -0.658629 -0.697491 1.05141 0.670667 1.00758 -0.133095 1.28914 0.0708103 -0.333499 -0.474362 -1.54566 -0.604429 -2.11676 -0.441418 -2.19732 0.396362 0.362886 19.4353
state201: 0.183026 -0.361186 1.0339 0.0533183 -0.269637 -0.654761 -0.704089 1.06678 0.696344 1.0095 -0.183745 1.28022 0.119653 -0.316488 -0.466225 -1.55108 -0.592598 -2.1199 -0.475098 -2.24442 0.413602 0.364188 19.4593
state202: 0.182366 -0.364139 1.03542 0.0535336 -0.261942 -0.650817 -0.710604 1.08216 0.722021 1.01142 -0.234394 1.27131 0.168495 -0.29974 -0.457776 -1.55635 -0.580639 -2.12362 -0.508959 -2.29209 0.427758 0.365456 19.4855
state203: 0.181706 -0.367093 1.03695 0.0537426 -0.254216 -0.646797 -0.717035 1.09753 0.747698 1.01333 -0.285043 1.2624 0.217338 -0.283259 -0.449022 -1.56145 -0.56855 -2.12797 -0.543004 -2.34008 0.438703 0.3667 19.5141
state204: 0.181046 -0.370047 1.03848 0.0539453 -0.24646 -0.642701 -0.723383 1.11291 0.773374 1.01525 -0.335692 1.25349 0.26618 -0.267048 -0.439969 -1.56639 -0.556333 -2.133 -0.577236 -2.38807 0.446343 0.36793 19.5453
state205: 0.180386 -0.373 1.04 0.0541416 -0.238676 -0.638529 -0.729646 1.12828 0.799051 1.01717 -0.386342 1.24458 0.315022 -0.25111 -0.430626 -1.57116 -0.543986 -2.13878 -0.611655 -2.43571 0.450618 0.36915 19.5791
state206: 0.179726 -0.375954 1.04153 0.0543316 -0.230863 -0.634282 -0.735823 1.14366 0.824728 1.01909 -0.436991 1.23566 0.363865 -0.235447 -0.420999 -1.57577 -0.53151 -2.14538 -0.646262 -2.48264 0.451506 0.370368 19.6157
state207: 0.179066 -0.378908 1.04305 0.0545153 -0.223024 -0.629961 -0.741914 1.15903 0.850405 1.021 -0.48764 1.22675 0.412707 -0.220061 -0.411096 -1.58021 -0.518904 -2.15288 -0.681054 -2.52847 0.449024 0.371585 19.6551
state208: 0.178406 -0.381862 1.04458 0.0546925 -0.215158 -0.625567 -0.747919 1.1744 0.876082 1.02292 -0.538289 1.21784 0.46155 -0.204951 -0.400924 -1.58448 -0.506166 -2.16139 -0.716026 -2.57282 0.443231 0.372804 19.6974
state209: 0.177746 -0.384815 1.04611 0.0548634 -0.207267 -0.621098 -0.753835 1.18978 0.901759 1.02484 -0.588939 1.20893 0.510392 -0.19012 -0.39049 -1.58859 -0.493297 -2.17102 -0.751169 -2.61533 0.434223 0.374024 19.7426
state210: 0.177086 -0.387769 1.04763 0.0550278 -0.199352 -0.616557 -0.759663 1.20515 0.927436 1.02675 -0.639588 1.20001 0.559234 -0.175567 -0.379802 -1.59252 -0.480294 -2.18194 -0.786475 -2.65567 0.422132 0.375244 19.7906
state211: 0.176426 -0.390723 1.04916 0.0551857 -0.191414 -0.611944 -0.765402 1.22053 0.953113 1.02867 -0.690237 1.1911 0.608077 -0.161291 -0.368866 -1.59628 -0.467158 -2.1943 -0.821925 -2.69354 0.40712 0.376462 19.8415
state212: 0.175766 -0.393676 1.05069 0.0553372 -0.183453 -0.607259 -0.771051 1.2359 0.97879 1.03059 -0.740887 1.18219 0.656919 -0.147292 -0.357689 -1.59987 -0.453885 -2.20832 -0.857502 -2.72868 0.389376 0.377673 19.895
state213: 0.175106 -0.39663 1.05221 0.0554822 -0.17547 -0.602503 -0.77661 1.25128 1.00447 1.03251 -0.791536 1.17328 0.705762 -0.133568 -0.346279 -1.60329 -0.440475 -2.22426 -0.893178 -2.76088 0.36911 0.378873 19.9512
state214: 0.174446 -0.399584 1.05374 0.0556207 -0.167467 -0.597676 -0.782077 1.26665 1.03014 1.03442 -0.842185 1.16437 0.754604 -0.120119 -0.334641 -1.60654 -0.426926 -2.24242 -0.928918 -2.78997 0.346547 0.380051 20.0099
state215: 0.173786 -0.402537 1.05527 0.0557526 -0.159444 -0.592779 -0.787453 1.28202 1.05582 1.03634 -0.892834 1.15545 0.803447 -0.106941 -0.322784 -1.60962 -0.413235 -2.2632 -0.964678 -2.81582 0.321924 0.381198 20.0709
state216: 0.173126 -0.405491 1.05679 0.055878 -0.151403 -0.587812 -0.792737 1.2974 1.0815 1.03826 -0.943484 1.14654 0.852289 -0.0940345 -0.310712 -1.61253 -0.399401 -2.28708 -1.0004 -2.83834 0.295485 0.382294 20.134
state217: 0.172466 -0.408445 1.05832 0.0559969 -0.143344 -0.582777 -0.797927 1.31277 1.10717 1.04017 -0.994133 1.13763 0.901131 -0.0813956 -0.298433 -1.61528 -0.385421 -2.31466 -1.03601 -2.85746 0.26748 0.383316 20.1988
state218: 0.171806 -0.411398 1.05984 0.0561092 -0.135268 -0.577673 -0.803024 1.32815 1.13285 1.04209 -1.04478 1.12872 0.949974 -0.0690223 -0.285953 -1.61786 -0.371292 -2.3467 -1.07141 -2.87314 0.238157 0.384227 20.2646
state219: 0.171146 -0.414352 1.06137 0.0562149 -0.127176 -0.572502 -0.808027 1.34352 1.15853 1.04401 -1.09543 1.1198 0.998816 -0.0569119 -0.273278 -1.62027 -0.357011 -2.38417 -1.10647 -2.88537 0.207768 0.384975 20.3305
state220: 0.170486 -0.417306 1.0629 0.0563141 -0.119069 -0.567263 -0.812935 1.3589 1.1842 1.04593 -1.14608 1.11089 1.04766 -0.0450616 -0.260414 -1.62253 -0.342575 -2.42833 -1.14102 -2.89413 0.176562 0.385489 20.3949
state221: 0.169826 -0.420259 1.06442 0.0564066 -0.110948 -0.561958 -0.817748 1.37427 1.20988 1.04784 -1.19673 1.10198 1.0965 -0.0334686 -0.247367 -1.62462 -0.327981 -2.48078 -1.17482 -2.89942 0.144786 0.385665 20.4553
state222: 0.169166 -0.423213 1.06595 0.0564925 -0.102815 -0.556587 -0.822465 1.38965 1.23556 1.04976 -1.24738 1.09307 1.14534 -0.0221299 -0.234142 -1.62655 -0.313226 -2.54355 -1.20757 -2.90127 0.112688 0.385366 20.5077
state223: 0.168506 -0.426167 1.06748 0.0565718 -0.0946688 -0.55115 -0.827086 1.40502 1.26124 1.05168 -1.29803 1.08416 1.19419 -0.0110422 -0.220746 -1.62832 -0.298305 -2.61923 -1.23883 -2.89968 0.08051 0.384408 20.546
state224: 0.167846 -0.42912 1.069 -0.0566445 0.0865119 0.545649 0.831609 1.42039 1.28691 1.0536 -1.34868 1.07524 1.24303 -0.000202606 -0.207183 -1.62994 -0.283216 -2.71091 -1.26801 -2.89468 0.0484972 0.382558 20.5609
state225: 0.167846 -0.42912 1.069 -0.0566445 0.0865119 0.545649 0.831609 1.42039 1.28691 1.0536 -1.34868 1.07524 1.24303 -0.000202606 -0.207183 -1.62994 -0.283216 -2.71091 -1.26801 -2.89468 0.0484972 0.382558 20.5609
state226: 0.184201 -0.433704 1.07739 -0.0552947 0.0838345 0.547644 0.830662 1.42624 1.29653 1.00449 -1.34307 1.06384 1.18589 4.01912e-05 -0.201195 -1.62963 -0.27385 -2.70025 -1.28075 -2.87068 0.0234274 0.384496 20.5847
state227: 0.200555 -0.438288 1.08578 -0.0539441 0.081156 0.549631 0.829704 1.43209 1.30616 0.955393 -1.33746 1.05244 1.12874 0.00030938 -0.195207 -1.62933 -0.264511 -2.68515 -1.2931 -2.84824 -0.00317959 0.386112 20.609
state228: 0.216909 -0.442872 1.09417 -0.0525928 0.0784763 0.551611 0.828734 1.43794 1.31578 0.906291 -1.33185 1.04104 1.0716 0.000604879 -0.189221 -1.62904 -0.255198 -2.66523 -1.30497 -2.82743 -0.0312096 0.387406 20.6329
state229: 0.233263 -0.447456 1.10255 -0.0512407 0.0757956 0.553583 0.827753 1.44378 1.3254 0.85719 -1.32624 1.02964 1.01446 0.000926613 -0.183236 -1.62876 -0.245911 -2.64012 -1.31622 -2.80831 -0.0605447 0.388381 20.6558
state230: 0.249617 -0.45204 1.11094 -0.049888 0.0731138 0.555547 0.826761 1.44963 1.33502 0.808088 -1.32063 1.01824 0.957317 0.00127451 -0.177252 -1.62849 -0.23665 -2.60947 -1.32674 -2.79092 -0.0910645 0.389041 20.6763
state231: 0.265971 -0.456624 1.11933 -0.0485345 0.070431 0.557504 0.825756 1.45548 1.34465 0.758987 -1.31502 1.00684 0.900175 0.0016485 -0.17127 -1.62823 -0.227415 -2.57307 -1.33639 -2.77533 -0.122647 0.389396 20.6933
state232: 0.282325 -0.461207 1.12772 -0.0471804 0.0677472 0.559452 0.824741 1.46132 1.35427 0.709885 -1.30941 0.995435 0.843032 0.00204853 -0.16529 -1.62797 -0.218207 -2.53081 -1.345 -2.76156 -0.15517 0.389459 20.7051
state233: 0.298679 -0.465791 1.1361 -0.0458256 0.0650624 0.561393 0.823714 1.46717 1.36389 0.660784 -1.3038 0.984034 0.78589 0.00247452 -0.159311 -1.62772 -0.209024 -2.48285 -1.35244 -2.74967 -0.188508 0.389243 20.7099
state234: 0.315033 -0.470375 1.14449 -0.0444702 0.0623768 0.563327 0.822675 1.47302 1.37351 0.611682 -1.29819 0.972633 0.728748 0.00292645 -0.153334 -1.62748 -0.199868 -2.42958 -1.35856 -2.73971 -0.22254 0.388764 20.706
state235: 0.331388 -0.474959 1.15288 -0.0431142 0.0596903 0.565252 0.821625 1.47887 1.38313 0.562581 -1.29258 0.961232 0.671606 0.00340424 -0.14736 -1.62725 -0.190738 -2.37176 -1.36321 -2.73172 -0.25714 0.388031 20.6918
state236: 0.347742 -0.479543 1.16127 -0.0417576 0.057003 0.56717 0.820564 1.48471 1.39276 0.51348 -1.28697 0.949831 0.614463 0.00390786 -0.141387 -1.62703 -0.181634 -2.31047 -1.3663 -2.72576 -0.292185 0.387045 20.6665
state237: 0.364096 -0.484127 1.16966 -0.0404004 0.0543148 0.569079 0.819492 1.49056 1.40238 0.464378 -1.28136 0.938429 0.557321 0.00443726 -0.135417 -1.62681 -0.172556 -2.24706 -1.36775 -2.72189 -0.32755 0.385796 20.6296
state238: 0.38045 -0.488711 1.17804 -0.0390426 0.051626 0.570981 0.818408 1.49641 1.412 0.415277 -1.27575 0.927028 0.500179 0.00499242 -0.129449 -1.6266 -0.163504 -2.1831 -1.36753 -2.72018 -0.36311 0.384262 20.5816
state239: 0.396804 -0.493294 1.18643 -0.0376843 0.0489364 0.572875 0.817312 1.50226 1.42162 0.366175 -1.27014 0.915627 0.443036 0.00557329 -0.123483 -1.6264 -0.154478 -2.12018 -1.36566 -2.72071 -0.398736 0.382412 20.524
state240: 0.413158 -0.497878 1.19482 -0.0363255 0.0462461 0.574761 0.816205 1.5081 1.43124 0.317074 -1.26453 0.904226 0.385894 0.00617985 -0.11752 -1.62621 -0.145477 -2.05975 -1.36221 -2.72356 -0.434299 0.380208 20.4585
state241: 0.429512 -0.502462 1.20321 -0.0349662 0.0435552 0.576639 0.815087 1.51395 1.44087 0.267972 -1.25892 0.892825 0.328752 0.00681208 -0.11156 -1.62603 -0.136503 -2.00303 -1.35728 -2.72885 -0.469666 0.377615 20.3875
state242: 0.445866 -0.507046 1.2116 -0.0336064 0.0408637 0.578509 0.813958 1.5198 1.45049 0.218871 -1.25331 0.881424 0.27161 0.00746996 -0.105602 -1.62585 -0.127555 -1.95093 -1.35101 -2.73667 -0.504699 0.374605 20.3129
state243: 0.462221 -0.51163 1.21998 -0.0322461 0.0381716 0.580371 0.812818 1.52564 1.46011 0.169769 -1.2477 0.870023 0.214467 0.00815347 -0.0996474 -1.62568 -0.118633 -1.90398 -1.34355 -2.74717 -0.539256 0.371158 20.2367
state244: 0.478575 -0.516214 1.22837 -0.0308853 0.035479 0.582225 0.811666 1.53149 1.46973 0.120668 -1.24209 0.858621 0.157325 0.00886259 -0.0936957 -1.62552 -0.109736 -1.86245 -1.33507 -2.76047 -0.573186 0.367268 20.1602
state245: 0.494929 -0.520798 1.23676 -0.0295242 0.0327859 0.584071 0.810503 1.53734 1.47936 0.0715664 -1.23648 0.84722 0.100183 0.00959733 -0.0877472 -1.62537 -0.100866 -1.82632 -1.32572 -2.77673 -0.60633 0.362942 20.0844
state246: 0.511283 -0.525381 1.24515 -0.0281626 0.0300924 0.585909 0.809328 1.54319 1.48898 0.0224649 -1.23087 0.835819 0.0430406 0.0103577 -0.0818019 -1.62522 -0.0920209 -1.79542 -1.31565 -2.79609 -0.63852 0.358196 20.01
state247: 0.527637 -0.529965 1.25353 -0.0268007 0.0273984 0.587738 0.808143 1.54903 1.4986 -0.0266365 -1.22527 0.824418 -0.0141017 0.0111436 -0.0758599 -1.62508 -0.0832019 -1.76946 -1.30501 -2.81873 -0.669576 0.353055 19.9372
state248: 0.527637 -0.529965 1.25353 -0.0268007 0.0273984 0.587738 0.808143 1.54903 1.4986 -0.0266365 -1.22527 0.824418 -0.0141017 0.0111436 -0.0758599 -1.62508 -0.0832019 -1.76946 -1.30501 -2.81873 -0.669576 0.353055 19.9372
state249: 0.527632 -0.538454 1.25236 -0.0313085 0.0251447 0.578754 0.814513 1.5386 1.49729 -0.0137245 -1.16033 0.831358 -0.0512794 0.0219645 -0.0772781 -1.61609 -0.0953315 -1.71149 -1.25343 -2.77908 -0.672478 0.35279 19.8899
state250: 0.527626 -0.546942 1.25118 -0.0358117 0.0228873 0.569685 0.820764 1.52816 1.49598 -0.000812567 -1.0954 0.838298 -0.0884572 0.0328156 -0.0784533 -1.60685 -0.107485 -1.66995 -1.20133 -2.73928 -0.676971 0.352322 19.8676
state251: 0.527621 -0.55543 1.25001 -0.0403097 0.0206265 0.560532 0.826894 1.51773 1.49467 0.0120994 -1.03046 0.845239 -0.125635 0.0436915 -0.079385 -1.59735 -0.119657 -1.63876 -1.14897 -2.69927 -0.683052 0.351788 19.8618
state252: 0.527616 -0.563918 1.24883 -0.0448017 0.0183628 0.551297 0.832903 1.50729 1.49335 0.0250114 -0.965528 0.852179 -0.162813 0.0545863 -0.0800724 -1.5876 -0.131842 -1.61448 -1.09655 -2.65902 -0.690706 0.35126 19.8678
state253: 0.52761 -0.572407 1.24765 -0.0492872 0.0160963 0.54198 0.83879 1.49686 1.49204 0.0379233 -0.900594 0.859119 -0.19999 0.0654943 -0.0805152 -1.5776 -0.144033 -1.59501 -1.04415 -2.61846 -0.699907 0.350782 19.8822
state254: 0.527605 -0.580895 1.24648 -0.0537655 0.0138274 0.532585 0.844554 1.48642 1.49073 0.0508353 -0.83566 0.866059 -0.237168 0.0764099 -0.080713 -1.56734 -0.156225 -1.57901 -0.991843 -2.57754 -0.710619 0.350376 19.9028
state255: 0.5276 -0.589383 1.2453 -0.0582358 0.0115566 0.523111 0.850194 1.47598 1.48942 0.0637473 -0.770726 0.873 -0.274346 0.0873273 -0.0806658 -1.55681 -0.168411 -1.56558 -0.939676 -2.53619 -0.722794 0.350054 19.928
state256: 0.527595 -0.597872 1.24412 -0.0626976 0.00928402 0.513561 0.855709 1.46555 1.48811 0.0766593 -0.705792 0.87994 -0.311524 0.0982406 -0.0803735 -1.54602 -0.180585 -1.5541 -0.887679 -2.49432 -0.736375 0.349819 19.9567
state257: 0.527589 -0.60636 1.24295 -0.0671503 0.0070101 0.503935 0.861099 1.45511 1.4868 0.0895712 -0.640857 0.88688 -0.348701 0.109144 -0.0798363 -1.53497 -0.192741 -1.54413 -0.835875 -2.45183 -0.751292 0.349673 19.9878
state258: 0.527584 -0.614848 1.24177 -0.071593 0.00473515 0.494235 0.866362 1.44468 1.48549 0.102483 -0.575923 0.89382 -0.385879 0.120032 -0.0790547 -1.52365 -0.204872 -1.53535 -0.784281 -2.40858 -0.767465 0.349613 20.0207
state259: 0.527579 -0.623336 1.2406 -0.0760253 0.00245951 0.484463 0.871498 1.43424 1.48417 0.115395 -0.510989 0.900761 -0.423057 0.130899 -0.078029 -1.51206 -0.216973 -1.52751 -0.73291 -2.36446 -0.784802 0.349636 20.0547
state260: 0.527573 -0.631825 1.23942 -0.0804464 0.000183502 0.47462 0.876507 1.42381 1.48286 0.128307 -0.446055 0.907701 -0.460235 0.14174 -0.07676 -1.50019 -0.229037 -1.52043 -0.681772 -2.31928 -0.803197 0.349735 20.0893
state261: 0.527568 -0.640313 1.23824 -0.0848557 -0.00209253 0.464707 0.881387 1.41337 1.48155 0.141219 -0.381121 0.914641 -0.497412 0.152547 -0.0752485 -1.48804 -0.241057 -1.51396 -0.630875 -2.27287 -0.822532 0.349905 20.124
state262: 0.527563 -0.648801 1.23707 -0.0892526 -0.00436826 0.454726 0.886137 1.40294 1.48024 0.154131 -0.316187 0.921581 -0.53459 0.163317 -0.0734954 -1.47562 -0.253026 -1.508 -0.580224 -2.22499 -0.842676 0.350138 20.1586
state263: 0.527557 -0.65729 1.23589 -0.0936364 -0.00664334 0.444678 0.890758 1.3925 1.47893 0.167043 -0.251252 0.928522 -0.571768 0.174043 -0.0715018 -1.46291 -0.264938 -1.50244 -0.529823 -2.17541 -0.863479 0.350428 20.1926
state264: 0.527552 -0.665778 1.23471 -0.0980064 -0.00891745 0.434565 0.895248 1.38206 1.47762 0.179955 -0.186318 0.935462 -0.608946 0.18472 -0.0692691 -1.44992 -0.276786 -1.49722 -0.479677 -2.12384 -0.884775 0.350767 20.2257
state265: 0.527547 -0.674266 1.23354 -0.102362 -0.0111903 0.424389 0.899606 1.37163 1.47631 0.192867 -0.121384 0.942402 -0.646123 0.195342 -0.0667986 -1.43664 -0.288562 -1.49228 -0.429786 -2.06996 -0.906378 0.351146 20.2577
state266: 0.527541 -0.682754 1.23236 -0.106703 -0.0134614 0.41415 0.903833 1.36119 1.475 0.205779 -0.0564498 0.949342 -0.683301 0.205905 -0.0640919 -1.42306 -0.30026 -1.48755 -0.380152 -2.01344 -0.928081 0.351554 20.2881
state267: 0.527536 -0.691243 1.23119 -0.111028 -0.0157306 0.40385 0.907927 1.35076 1.47368 0.218691 0.00848444 0.956283 -0.720479 0.216402 -0.0611507 -1.40919 -0.311873 -1.48301 -0.330774 -1.95392 -0.949649 0.351982 20.3168
state268: 0.527531 -0.699731 1.23001 -0.115336 -0.0179975 0.393491 0.911887 1.34032 1.47237 0.231603 0.0734186 0.963223 -0.757657 0.226829 -0.0579768 -1.39503 -0.323392 -1.47861 -0.281653 -1.891 -0.970822 0.352418 20.3434
state269: 0.527526 -0.708219 1.22883 -0.119628 -0.0202617 0.383074 0.915714 1.32989 1.47106 0.244515 0.138353 0.970163 -0.794834 0.237181 -0.0545721 -1.38056 -0.334812 -1.47432 -0.232785 -1.82431 -0.991309 0.352848 20.3675
state270: 0.52752 -0.716708 1.22766 -0.123902 -0.022523 0.372601 0.919407 1.31945 1.46975 0.257427 0.203287 0.977103 -0.832012 0.247453 -0.0509389 -1.36579 -0.346123 -1.47011 -0.18417 -1.7535 -1.01079 0.353259 20.3887
state271: 0.527515 -0.725196 1.22648 -0.128158 -0.0247809 0.362074 0.922965 1.30901 1.46844 0.270339 0.268221 0.984044 -0.86919 0.25764 -0.0470791 -1.35071 -0.357319 -1.46595 -0.135804 -1.67829 -1.0289 0.353634 20.4065
state272: 0.52751 -0.733684 1.2253 -0.132396 -0.0270353 0.351493 0.926387 1.29858 1.46713 0.283251 0.333155 0.990984 -0.906368 0.267737 -0.0429953 -1.33532 -0.368391 -1.46183 -0.0876828 -1.59852 -1.04527 0.353959 20.4205
state273: 0.527504 -0.742172 1.22413 -0.136614 -0.0292856 0.340861 0.929674 1.28814 1.46582 0.296163 0.39809 0.997924 -0.943545 0.277739 -0.0386899 -1.31963 -0.379332 -1.45772 -0.0398033 -1.51421 -1.05949 0.354219 20.4301
state274: 0.527499 -0.750661 1.22295 -0.140811 -0.0315317 0.330178 0.932824 1.27771 1.4645 0.309075 0.463024 1.00486 -0.980723 0.287642 -0.0341654 -1.30361 -0.390133 -1.4536 0.00783968 -1.42562 -1.07115 0.354404 20.4347
state275: 0.527494 -0.759149 1.22177 -0.144988 -0.0337731 0.319448 0.935837 1.26727 1.46319 0.321987 0.527958 1.0118 -1.0179 0.297442 -0.0294245 -1.28728 -0.400787 -1.44945 0.0552515 -1.33331 -1.07986 0.354509 20.4339
state276: 0.527488 -0.767637 1.2206 -0.149144 -0.0360096 0.30867 0.938713 1.25684 1.46188 0.334899 0.592892 1.01874 -1.05508 0.307134 -0.0244699 -1.27064 -0.411284 -1.44525 0.102438 -1.23815 -1.08526 0.354536 20.4276
state277: 0.527483 -0.776125 1.21942 -0.153278 -0.0382408 0.297847 0.941451 1.2464 1.46057 0.347811 0.657826 1.02569 -1.09226 0.316714 -0.0193046 -1.25367 -0.421617 -1.44098 0.149405 -1.14136 -1.08704 0.354497 20.4156
state278: 0.527478 -0.784614 1.21825 -0.15739 -0.0404664 0.286981 0.944051 1.23597 1.45926 0.360723 0.722761 1.03263 -1.12943 0.326179 -0.0139315 -1.23638 -0.431777 -1.43662 0.19616 -1.04434 -1.08501 0.354414 20.3983
state279: 0.527472 -0.793102 1.21707 -0.161478 -0.0426861 0.276072 0.946513 1.22553 1.45795 0.373635 0.787695 1.03957 -1.16661 0.335523 -0.00835358 -1.21877 -0.441756 -1.43215 0.24271 -0.948623 -1.07906 0.354313 20.3763
state280: 0.527467 -0.80159 1.21589 -0.165543 -0.0448994 0.265123 0.948836 1.21509 1.45664 0.386547 0.852629 1.04651 -1.20379 0.344743 -0.0025741 -1.20083 -0.451544 -1.42755 0.289062 -0.855713 -1.0692 0.354227 20.3508
state281: 0.527462 -0.810079 1.21472 -0.169583 -0.0471063 0.254135 0.951019 1.20466 1.45532 0.399459 0.917563 1.05345 -1.24097 0.353836 0.00340378 -1.18257 -0.461132 -1.42278 0.335224 -0.766919 -1.05555 0.354184 20.3227
state282: 0.527457 -0.818567 1.21354 -0.173599 -0.0493061 0.24311 0.953063 1.19422 1.45401 0.41237 0.982497 1.06039 -1.27814 0.362798 0.00957675 -1.16398 -0.470513 -1.41783 0.381204 -0.68328 -1.0383 0.354209 20.2934
state283: 0.527451 -0.827055 1.21236 -0.177589 -0.0514988 0.232049 0.954968 1.18379 1.4527 0.425282 1.04743 1.06733 -1.31532 0.371625 0.0159415 -1.14507 -0.479676 -1.41266 0.42701 -0.605509 -1.01772 0.35432 20.2639
state284: 0.527446 -0.835543 1.21119 -0.181553 -0.0536839 0.220954 0.956732 1.17335 1.45139 0.438194 1.11237 1.07427 -1.3525 0.380314 0.0224945 -1.12584 -0.488614 -1.40724 0.472649 -0.534011 -0.99411 0.354525 20.2352
state285: 0.527441 -0.844032 1.21001 -0.18549 -0.0558611 0.209826 0.958356 1.16292 1.45008 0.451106 1.1773 1.08121 -1.38968 0.388862 0.0292323 -1.10628 -0.497316 -1.40152 0.51813 -0.468919 -0.967794 0.354824 20.2081
state286: 0.527435 -0.85252 1.20884 -0.189401 -0.0580302 0.198668 0.959839 1.15248 1.44877 0.464018 1.24223 1.08815 -1.42686 0.397266 0.0361514 -1.0864 -0.505773 -1.39547 0.563461 -0.410158 -0.939088 0.35521 20.1831
state287: 0.527435 -0.85252 1.20884 -0.189401 -0.0580302 0.198668 0.959839 1.15248 1.44877 0.464018 1.24223 1.08815 -1.42686 0.397266 0.0361514 -1.0864 -0.505773 -1.39547 0.563461 -0.410158 -0.939088 0.35521 20.1831
state288: 0.518584 -0.834716 1.2078 -0.187815 -0.0598865 0.19788 0.960199 1.12802 1.44594 0.458119 1.23217 1.08458 -1.35556 0.394881 0.0406876 -1.05497 -0.504075 -1.36724 0.536435 -0.458385 -0.934278 0.363577 20.2512
state289: 0.509732 -0.816912 1.20676 -0.186227 -0.0617423 0.197091 0.960553 1.10356 1.4431 0.452219 1.2221 1.08102 -1.28426 0.392491 0.0452216 -1.02354 -0.502183 -1.33978 0.509162 -0.506715 -0.927887 0.371605 20.3128
state290: 0.50088 -0.799108 1.20571 -0.184639 -0.0635978 0.1963 0.960901 1.07911 1.44027 0.44632 1.21203 1.07746 -1.21296 0.390097 0.0497536 -0.992108 -0.500091 -1.31298 0.48168 -0.554863 -0.919848 0.37929 20.3686
state291: 0.492028 -0.781303 1.20467 -0.183049 -0.0654528 0.195508 0.961242 1.05465 1.43744 0.440421 1.20196 1.07389 -1.14166 0.387699 0.0542835 -0.960689 -0.497795 -1.28679 0.454029 -0.602538 -0.910114 0.386631 20.4191
state292: 0.483177 -0.763499 1.20363 -0.181458 -0.0673074 0.194715 0.961576 1.03019 1.43461 0.434521 1.19189 1.07033 -1.07036 0.385295 0.0588111 -0.929285 -0.495291 -1.26112 0.426243 -0.649459 -0.898659 0.393626 20.4649
state293: 0.474325 -0.745695 1.20259 -0.179866 -0.0691615 0.19392 0.961904 1.00573 1.43178 0.428622 1.18182 1.06677 -0.99906 0.382887 0.0633367 -0.897904 -0.492576 -1.2359 0.398356 -0.695361 -0.885478 0.400279 20.5066
state294: 0.465473 -0.727891 1.20155 -0.178272 -0.0710152 0.193124 0.962226 0.981273 1.42895 0.422722 1.17175 1.0632 -0.927761 0.380474 0.0678599 -0.866553 -0.489645 -1.21107 0.370399 -0.74001 -0.870586 0.406592 20.5446
state295: 0.456621 -0.710087 1.20051 -0.176678 -0.0728684 0.192327 0.962541 0.956815 1.42611 0.416823 1.16168 1.05964 -0.856462 0.378057 0.072381 -0.835236 -0.486497 -1.18657 0.342403 -0.783205 -0.854018 0.41257 20.5796
state296: 0.44777 -0.692283 1.19947 -0.175082 -0.0747211 0.191528 0.96285 0.932357 1.42328 0.410923 1.15161 1.05608 -0.785162 0.375634 0.0768998 -0.803962 -0.483128 -1.16234 0.314397 -0.824782 -0.835823 0.418219 20.6119
state297: 0.438918 -0.674478 1.19843 -0.173485 -0.0765733 0.190729 0.963152 0.907899 1.42045 0.405024 1.14154 1.05251 -0.713863 0.373206 0.0814162 -0.772736 -0.479535 -1.13831 0.286408 -0.864617 -0.816064 0.423544 20.642
state298: 0.430066 -0.656674 1.19739 -0.171887 -0.078425 0.189928 0.963448 0.883441 1.41762 0.399124 1.13147 1.04895 -0.642564 0.370772 0.0859303 -0.741564 -0.475717 -1.11445 0.258464 -0.902623 -0.794813 0.428551 20.6704
state299: 0.421215 -0.63887 1.19635 -0.170288 -0.0802761 0.189125 0.963737 0.858982 1.41479 0.393225 1.12141 1.04539 -0.571265 0.368333 0.0904421 -0.710452 -0.471673 -1.09069 0.23059 -0.93875 -0.77215 0.433246 20.6976
state300: 0.412363 -0.621066 1.19531 -0.168687 -0.0821268 0.188322 0.96402 0.834524 1.41195 0.387325 1.11134 1.04182 -0.499965 0.365889 0.0949514 -0.679407 -0.4674 -1.06698 0.202812 -0.972977 -0.748162 0.437633 20.7237
state301: 0.403511 -0.603262 1.19427 -0.167086 -0.0839768 0.187517 0.964296 0.810066 1.40912 0.381426 1.10127 1.03826 -0.428666 0.363439 0.0994583 -0.648434 -0.462898 -1.04329 0.175156 -1.00531 -0.722937 0.441717 20.7493
state302: 0.394659 -0.585458 1.19323 -0.165483 -0.0858263 0.186711 0.964566 0.785608 1.40629 0.375526 1.0912 1.0347 -0.357367 0.360984 0.103963 -0.617539 -0.458166 -1.01956 0.147646 -1.03579 -0.696564 0.445498 20.7747
state303: 0.385808 -0.567654 1.19219 -0.163879 -0.0876753 0.185903 0.96483 0.76115 1.40346 0.369627 1.08113 1.03113 -0.286067 0.358523 0.108465 -0.586728 -0.453204 -0.995749 0.120307 -1.06444 -0.669132 0.448978 20.8
state304: 0.376956 -0.549849 1.19115 -0.162274 -0.0895236 0.185095 0.965087 0.736692 1.40063 0.363728 1.07106 1.02757 -0.214768 0.356056 0.112964 -0.556005 -0.448013 -0.971817 0.0931644 -1.09134 -0.640728 0.452153 20.8255
state305: 0.368104 -0.532045 1.19011 -0.160668 -0.0913714 0.184285 0.965337 0.712234 1.3978 0.357828 1.06099 1.02401 -0.143469 0.353582 0.117461 -0.525376 -0.442592 -0.947722 0.0662418 -1.11656 -0.611436 0.455019 20.8515
state306: 0.359252 -0.514241 1.18907 -0.159061 -0.0932185 0.183474 0.965581 0.687776 1.39496 0.351929 1.05092 1.02044 -0.0721696 0.351103 0.121955 -0.494845 -0.436943 -0.923424 0.0395644 -1.14016 -0.581336 0.457569 20.8781
state307: 0.350401 -0.496437 1.18803 -0.157453 -0.095065 0.182661 0.965819 0.663317 1.39213 0.346029 1.04085 1.01688 -0.00087031 0.348618 0.126447 -0.464416 -0.431066 -0.898885 0.0131576 -1.16223 -0.550506 0.459792 20.9055
state308: 0.341549 -0.478633 1.18699 -0.155844 -0.0969109 0.181848 0.96605 0.638859 1.3893 0.34013 1.03078 1.01332 0.070429 0.346126 0.130936 -0.434095 -0.424964 -0.874067 -0.0129534 -1.18284 -0.519017 0.461674 20.9338
state309: 0.332697 -0.460829 1.18595 -0.154234 -0.0987561 0.181033 0.966274 0.614401 1.38647 0.33423 1.02071 1.00975 0.141728 0.343628 0.135422 -0.403884 -0.418638 -0.848933 -0.0387427 -1.20208 -0.486937 0.463199 20.9632
state310: 0.323845 -0.443024 1.18491 -0.152622 -0.100601 0.180217 0.966493 0.589943 1.38364 0.328331 1.01065 1.00619 0.213028 0.341123 0.139905 -0.373787 -0.41209 -0.823448 -0.0641839 -1.22003 -0.45433 0.464347 20.9938
state311: 0.314994 -0.42522 1.18387 -0.15101 -0.102445 0.1794 0.966704 0.565485 1.38081 0.322431 1.00058 1.00263 0.284327 0.338611 0.144386 -0.343807 -0.405322 -0.797578 -0.0892502 -1.23676 -0.421254 0.465096 21.0257
state312: 0.306142 -0.407416 1.18283 -0.149397 -0.104288 0.178581 0.966909 0.541027 1.37797 0.316532 0.990507 0.999065 0.355626 0.336093 0.148864 -0.313946 -0.398338 -0.771289 -0.113914 -1.25233 -0.387763 0.465422 21.0588
state313: 0.29729 -0.389612 1.18179 -0.147782 -0.10613 0.177762 0.967108 0.516569 1.37514 0.310632 0.980438 0.995502 0.426925 0.333568 0.153339 -0.284208 -0.391141 -0.744549 -0.138148 -1.26683 -0.353908 0.465299 21.0934
state314: 0.288439 -0.371808 1.18074 -0.146167 -0.107972 0.176941 0.9673 0.49211 1.37231 0.304733 0.970369 0.991939 0.498225 0.331036 0.157811 -0.254593 -0.383733 -0.717326 -0.161922 -1.2803 -0.319735 0.464703 21.1295
state315: 0.279587 -0.354004 1.1797 -0.144551 -0.109813 0.176119 0.967486 0.467652 1.36948 0.298834 0.9603 0.988375 0.569524 0.328497 0.16228 -0.225104 -0.376118 -0.689592 -0.185209 -1.29282 -0.285286 0.46361 21.1672
state316: 0.270735 -0.3362 1.17866 -0.142934 -0.111653 0.175296 0.967665 0.443194 1.36665 0.292934 0.950231 0.984812 0.640823 0.325951 0.166746 -0.195742 -0.368301 -0.661318 -0.207976 -1.30444 -0.250598 0.461998 21.2064
state317: 0.261883 -0.318395 1.17762 -0.141315 -0.113493 0.174471 0.967837 0.418736 1.36382 0.287035 0.940162 0.981249 0.712123 0.323397 0.17121 -0.166507 -0.360285 -0.632477 -0.230195 -1.31521 -0.215707 0.45985 21.2472
state318: 0.253032 -0.300591 1.17658 -0.139696 -0.115332 0.173646 0.968003 0.394278 1.36098 0.281135 0.930093 0.977685 0.783422 0.320836 0.17567 -0.1374 -0.352075 -0.603046 -0.251833 -1.32517 -0.180644 0.457156 21.2898
state319: 0.24418 -0.282787 1.17554 -0.138076 -0.11717 0.172819 0.968163 0.36982 1.35815 0.275236 0.920024 0.974122 0.854721 0.318267 0.180127 -0.108422 -0.343675 -0.573003 -0.272859 -1.33437 -0.145438 0.453912 21.3341
state320: 0.235328 -0.264983 1.1745 -0.136455 -0.119007 0.171991 0.968316 0.345362 1.35532 0.269336 0.909955 0.970559 0.92602 0.315691 0.184581 -0.0795709 -0.33509 -0.542327 -0.29324 -1.34285 -0.110114 0.450123 21.3801
state321: 0.226476 -0.247179 1.17346 -0.134833 -0.120843 0.171162 0.968463 0.320904 1.35249 0.263437 0.899885 0.966996 0.99732 0.313107 0.189032 -0.0508469 -0.326325 -0.511002 -0.312943 -1.35065 -0.0746939 0.445801 21.428
state322: 0.217625 -0.229375 1.17242 -0.13321 -0.122679 0.170332 0.968603 0.296445 1.34966 0.257537 0.889816 0.963432 1.06862 0.310515 0.19348 -0.022249 -0.317386 -0.479014 -0.331936 -1.35779 -0.0391992 0.440965 21.4778
state323: 0.208773 -0.21157 1.17138 -0.131586 -0.124514 0.169501 0.968737 0.271987 1.34682 0.251638 0.879747 0.959869 1.13992 0.307915 0.197924 0.00622446 -0.308277 -0.446354 -0.350184 -1.36432 -0.00364725 0.435643 21.5294
state324: 0.199921 -0.193766 1.17034 -0.129962 -0.126348 0.168668 0.968864 0.247529 1.34399 0.245738 0.869678 0.956306 1.21122 0.305307 0.202365 0.0345751 -0.299003 -0.413015 -0.367654 -1.37025 0.0319461 0.429867 21.583
state325: 0.19107 -0.175962 1.1693 -0.128336 -0.128181 0.167835 0.968984 0.223071 1.34116 0.239839 0.859609 0.952742 1.28252 0.302691 0.206803 0.062805 -0.289572 -0.378995 -0.384314 -1.37562 0.0675671 0.423674 21.6386
state326: 0.182218 -0.158158 1.16826 -0.12671 -0.130013 0.167 0.969099 0.198613 1.33833 0.233939 0.84954 0.949179 1.35382 0.300066 0.211238 0.0909166 -0.279989 -0.344297 -0.40013 -1.38044 0.103204 0.417104 21.6963
state327: 0.173366 -0.140354 1.16722 -0.125083 -0.131845 0.166164 0.969206 0.174155 1.3355 0.22804 0.839471 0.945616 1.42512 0.297433 0.215669 0.118913 -0.270259 -0.308928 -0.415071 -1.38473 0.138845 0.410198 21.7561
state328: 0.164514 -0.12255 1.16618 -0.123455 -0.133675 0.165327 0.969307 0.149697 1.33267 0.222141 0.829402 0.942053 1.49641 0.294792 0.220096 0.146796 -0.260389 -0.272902 -0.429105 -1.38851 0.174483 0.402997 21.818
state329: 0.155663 -0.104746 1.16514 -0.121826 -0.135505 0.164489 0.969402 0.125238 1.32983 0.216241 0.819333 0.938489 1.56771 0.292141 0.224521 0.174571 -0.250386 -0.236237 -0.442202 -1.3918 0.21011 0.395543 21.8822
state330: 0.155663 -0.104746 1.16514 -0.121826 -0.135505 0.164489 0.969402 0.125238 1.32983 0.216241 0.819333 0.938489 1.56771 0.292141 0.224521 0.174571 -0.250386 -0.236237 -0.442202 -1.3918 0.21011 0.395543 21.8822
state331: 0.146506 -0.098584 1.14954 -0.114794 -0.127684 0.154996 0.97288 0.117872 1.34396 0.203521 0.86349 0.883284 1.56785 0.272469 0.214498 0.162456 -0.235735 -0.240713 -0.405191 -1.29936 0.218044 0.404645 21.8116
state332: 0.137349 -0.0924225 1.13395 -0.107739 -0.119836 0.145469 0.976151 0.110505 1.35809 0.190801 0.907647 0.828079 1.56798 0.25309 0.204023 0.150624 -0.221032 -0.242158 -0.368809 -1.20718 0.222953 0.413344 21.7413
state333: 0.128193 -0.086261 1.11835 -0.10066 -0.111962 0.135911 0.979214 0.103138 1.37222 0.178081 0.951804 0.772873 1.56812 0.234009 0.193106 0.139062 -0.206288 -0.240754 -0.333231 -1.11553 0.224864 0.42165 21.6714
state334: 0.119036 -0.0800995 1.10275 -0.0935597 -0.104065 0.126324 0.982069 0.0957706 1.38634 0.165361 0.99596 0.717668 1.56825 0.215232 0.181759 0.127761 -0.191512 -0.236665 -0.298622 -1.02464 0.22383 0.429576 21.6019
state335: 0.109879 -0.073938 1.08716 -0.0864396 -0.0961452 0.116711 0.984715 0.0884036 1.40047 0.152641 1.04012 0.662463 1.56839 0.196764 0.169992 0.116711 -0.17671 -0.230041 -0.265141 -0.934754 0.219927 0.43713 21.5325
state336: 0.100723 -0.0677765 1.07156 -0.0793011 -0.0882052 0.107072 0.987151 0.0810367 1.4146 0.139921 1.08427 0.607258 1.56852 0.178609 0.157816 0.1059 -0.161893 -0.221019 -0.232937 -0.846116 0.213251 0.444322 21.4631
state337: 0.0915662 -0.061615 1.05596 -0.0721457 -0.0802464 0.0974111 0.989377 0.0736697 1.42873 0.127201 1.12843 0.552052 1.56866 0.160769 0.145242 0.0953197 -0.147068 -0.209728 -0.202158 -0.758935 0.203922 0.451159 21.3934
state338: 0.0824096 -0.0554535 1.04037 -0.0649749 -0.0722705 0.0877292 0.991392 0.0663027 1.44285 0.114481 1.17259 0.496847 1.56879 0.143248 0.132282 0.0849587 -0.132242 -0.196292 -0.17294 -0.67341 0.192075 0.457645 21.323
state339: 0.073253 -0.049292 1.02477 -0.0577904 -0.0642792 0.0780286 0.993197 0.0589358 1.45698 0.101761 1.21674 0.441642 1.56892 0.126047 0.118946 0.0748076 -0.117424 -0.180832 -0.145418 -0.589716 0.177861 0.463784 21.2516
state340: 0.0640964 -0.0431305 1.00917 -0.0505935 -0.0562743 0.0683114 0.99479 0.0515688 1.47111 0.0890404 1.2609 0.386437 1.56906 0.109168 0.105244 0.0648564 -0.102621 -0.16347 -0.11972 -0.508006 0.161445 0.469576 21.1789
state341: 0.0549397 -0.036969 0.993578 -0.0433859 -0.0482574 0.0585796 0.996171 0.0442018 1.48524 0.0763204 1.30506 0.331231 1.56919 0.0926099 0.0911885 0.0550956 -0.0878394 -0.144332 -0.0959653 -0.428409 0.142998 0.47502 21.1042
state342: 0.0457831 -0.0308075 0.977982 -0.036169 -0.0402302 0.0488354 0.997341 0.0368349 1.49936 0.0636003 1.34922 0.276026 1.56933 0.0763741 0.0767892 0.0455154 -0.0730875 -0.123548 -0.0742693 -0.351034 0.122701 0.480113 21.0272
state343: 0.0366265 -0.024646 0.962386 -0.0289445 -0.0321944 0.0390808 0.998298 0.0294679 1.51349 0.0508803 1.39337 0.220821 1.56946 0.0604599 0.0620567 0.0361066 -0.0583716 -0.101254 -0.054737 -0.275969 0.100739 0.484847 20.9471
state344: 0.0274699 -0.0184845 0.946789 -0.0217137 -0.0241518 0.0293179 0.999042 0.0221009 1.52762 0.0381602 1.43753 0.165616 1.5696 0.0448666 0.0470015 0.0268597 -0.0436985 -0.0775958 -0.0374645 -0.203284 0.0772991 0.489215 20.8633
state345: 0.0183132 -0.012323 0.931193 -0.0144784 -0.0161041 0.0195487 0.999574 0.0147339 1.54175 0.0254401 1.48169 0.11041 1.56973 0.0295932 0.0316336 0.0177657 -0.0290747 -0.0527252 -0.0225373 -0.133035 0.0525705 0.493206 20.7751
state346: 0.00915662 -0.0061615 0.915596 -0.00723997 -0.00805289 0.00977541 0.999894 0.00736697 1.55587 0.0127201 1.52584 0.0552052 1.56987 0.0146382 0.0159632 0.00881541 -0.0145064 -0.0268036 -0.010029 -0.0652627 0.0267415 0.496806 20.6815
state347: 0 0 0.9 0 0 0 1 0 1.57 0 1.57 0 1.57 -0 0 -0 0 -0 0 -0 0 0.5 20.5815
end
