start_state: -0.424095 0 -0.424433 0 0 -1 6.12323e-17 0 1.57 0 1.57 0 1.57
goal_state: 0.424095 0 0.424433 0 0 -0.707107 0.707107 0 1.57 0 1.57 0 1.57
states: 243
planning_mode: 2
locomotion_mode: 1
planning_time: 3289.27
motion_cost: 14.0706
minimum_var: 0.243112
minimum_var_state_entry: 64
maximum_force : 21.1677
maximum_force_state_entry: 139
state0: -0.424095 0 -0.424433 0 0 -1 6.12323e-17 0 1.57 0 1.57 0 1.57 0.5 20.5815
state1: -0.424095 0 -0.424433 0 0 -1 6.12323e-17 0 1.57 0 1.57 0 1.57 0.5 20.5815
state2: -0.424095 0 -0.424433 0 0 -1 6.12323e-17 0 1.57 0 1.57 0 1.57 0.5 20.5815
state3: -0.415548 0.0135808 -0.421695 0.00267961 0.00495045 -0.999984 -0.000903931 0.00105381 1.53925 -0.0144457 1.5524 0.0257695 1.53047 0.500942 20.6074
state4: -0.407 0.0271616 -0.418958 0.00535913 0.00990074 -0.999935 -0.00180783 0.00210763 1.50849 -0.0288914 1.5348 0.051539 1.49094 0.501408 20.6323
state5: -0.398453 0.0407424 -0.41622 0.00803848 0.0148507 -0.999854 -0.00271168 0.00316144 1.47774 -0.0433371 1.5172 0.0773085 1.45141 0.501398 20.6561
state6: -0.389905 0.0543232 -0.413483 0.0107176 0.0198002 -0.99974 -0.00361543 0.00421525 1.44699 -0.0577828 1.4996 0.103078 1.41188 0.500915 20.679
state7: -0.381358 0.067904 -0.410745 0.0133963 0.024749 -0.999594 -0.00451907 0.00526907 1.41623 -0.0722286 1.482 0.128848 1.37234 0.499962 20.7009
state8: -0.37281 0.0814848 -0.408008 0.0160746 0.0296971 -0.999415 -0.00542256 0.00632288 1.38548 -0.0866743 1.4644 0.154617 1.33281 0.498543 20.7222
state9: -0.364263 0.0950656 -0.40527 0.0187524 0.0346441 -0.999204 -0.00632587 0.00737669 1.35473 -0.10112 1.4468 0.180387 1.29328 0.496662 20.7428
state10: -0.355715 0.108646 -0.402533 0.0214296 0.0395901 -0.99896 -0.00722898 0.0084305 1.32398 -0.115566 1.4292 0.206156 1.25375 0.494324 20.7629
state11: -0.347168 0.122227 -0.399795 0.024106 0.0445347 -0.998684 -0.00813185 0.00948432 1.29322 -0.130011 1.4116 0.231926 1.21422 0.491536 20.7828
state12: -0.33862 0.135808 -0.397058 0.0267817 0.049478 -0.998375 -0.00903446 0.0105381 1.26247 -0.144457 1.39401 0.257695 1.17469 0.488302 20.8025
state13: -0.330073 0.149389 -0.39432 0.0294566 0.0544196 -0.998034 -0.00993678 0.0115919 1.23172 -0.158903 1.37641 0.283465 1.13516 0.484627 20.8223
state14: -0.321525 0.16297 -0.391583 0.0321304 0.0593594 -0.997661 -0.0108388 0.0126458 1.20096 -0.173349 1.35881 0.309234 1.09563 0.480516 20.8423
state15: -0.312978 0.17655 -0.388845 0.0348032 0.0642973 -0.997255 -0.0117404 0.0136996 1.17021 -0.187794 1.34121 0.335004 1.0561 0.475972 20.8626
state16: -0.30443 0.190131 -0.386108 0.0374749 0.0692331 -0.996816 -0.0126417 0.0147534 1.13946 -0.20224 1.32361 0.360773 1.01657 0.471 20.8834
state17: -0.295882 0.203712 -0.38337 0.0401454 0.0741667 -0.996345 -0.0135425 0.0158072 1.1087 -0.216686 1.30601 0.386543 0.977034 0.4656 20.9048
state18: -0.287335 0.217293 -0.380633 0.0428146 0.0790978 -0.995842 -0.0144429 0.016861 1.07795 -0.231131 1.28841 0.412312 0.937503 0.459776 20.927
state19: -0.278787 0.230874 -0.377895 0.0454823 0.0840264 -0.995307 -0.0153429 0.0179148 1.0472 -0.245577 1.27081 0.438082 0.897972 0.453526 20.95
state20: -0.27024 0.244454 -0.375158 0.0481486 0.0889523 -0.994739 -0.0162423 0.0189686 1.01645 -0.260023 1.25321 0.463851 0.858441 0.446853 20.9741
state21: -0.261692 0.258035 -0.37242 0.0508134 0.0938752 -0.994139 -0.0171412 0.0200224 0.985692 -0.274468 1.23561 0.489621 0.81891 0.439754 20.9992
state22: -0.253145 0.271616 -0.369683 0.0534764 0.0987951 -0.993506 -0.0180396 0.0210763 0.954939 -0.288914 1.21801 0.51539 0.779379 0.43223 21.0255
state23: -0.244597 0.285197 -0.366945 0.0561378 0.103712 -0.992841 -0.0189373 0.0221301 0.924186 -0.30336 1.20041 0.54116 0.739848 0.424278 21.0531
state24: -0.23605 0.298778 -0.364207 0.0587973 0.108625 -0.992144 -0.0198345 0.0231839 0.893433 -0.317806 1.18281 0.566929 0.700317 0.415897 21.0821
state25: -0.23605 0.298778 -0.364207 0.0587973 0.108625 -0.992144 -0.0198345 0.0231839 0.893433 -0.317806 1.18281 0.566929 0.700317 0.415897 21.0821
state26: -0.243933 0.297595 -0.35629 0.0700313 0.102059 -0.991914 -0.0280418 0.00639574 0.8491 -0.340815 1.16054 0.566011 0.701607 0.407378 21.0732
state27: -0.251817 0.296411 -0.348373 0.0812488 0.0954681 -0.991449 -0.0362424 -0.0103924 0.804766 -0.363824 1.13827 0.565092 0.702898 0.398794 21.0612
state28: -0.2597 0.295228 -0.340456 0.092447 0.0888549 -0.990749 -0.0444344 -0.0271805 0.760433 -0.386833 1.11601 0.564173 0.704188 0.390156 21.0463
state29: -0.267584 0.294045 -0.332539 0.103623 0.0822206 -0.989815 -0.052616 -0.0439687 0.7161 -0.409842 1.09374 0.563255 0.705478 0.381471 21.0286
state30: -0.275467 0.292862 -0.324622 0.114775 0.0755669 -0.988646 -0.0607851 -0.0607568 0.671766 -0.432851 1.07147 0.562336 0.706769 0.372744 21.0082
state31: -0.28335 0.291679 -0.316705 0.1259 0.0688954 -0.987244 -0.0689398 -0.077545 0.627433 -0.455861 1.0492 0.561418 0.708059 0.363978 20.9855
state32: -0.291234 0.290496 -0.308788 0.136995 0.0622074 -0.985607 -0.0770781 -0.0943331 0.5831 -0.47887 1.02693 0.560499 0.709349 0.355179 20.9606
state33: -0.299117 0.289313 -0.300871 0.148057 0.0555048 -0.983738 -0.0851982 -0.111121 0.538766 -0.501879 1.00466 0.55958 0.710639 0.346353 20.9337
state34: -0.307001 0.28813 -0.292954 0.159084 0.0487891 -0.981635 -0.0932982 -0.127909 0.494433 -0.524888 0.982394 0.558662 0.71193 0.337507 20.905
state35: -0.314884 0.286947 -0.285037 0.170074 0.0420617 -0.9793 -0.101376 -0.144698 0.450099 -0.547897 0.960126 0.557743 0.71322 0.328652 20.8747
state36: -0.322767 0.285764 -0.27712 0.181023 0.0353245 -0.976733 -0.10943 -0.161486 0.405766 -0.570907 0.937857 0.556824 0.71451 0.319797 20.843
state37: -0.330651 0.284581 -0.269203 0.19193 0.0285788 -0.973935 -0.117458 -0.178274 0.361433 -0.593916 0.915589 0.555906 0.715801 0.310957 20.8101
state38: -0.338534 0.283398 -0.261286 0.202791 0.0218264 -0.970907 -0.125458 -0.195062 0.317099 -0.616925 0.89332 0.554987 0.717091 0.302148 20.7761
state39: -0.346417 0.282215 -0.253369 0.213604 0.0150688 -0.967648 -0.133428 -0.21185 0.272766 -0.639934 0.871052 0.554069 0.718381 0.293388 20.7413
state40: -0.354301 0.281032 -0.245452 0.224367 0.0083077 -0.964161 -0.141367 -0.228638 0.228433 -0.662943 0.848783 0.55315 0.719672 0.284695 20.7057
state41: -0.362184 0.279849 -0.237535 0.235076 0.00154459 -0.960445 -0.149273 -0.245426 0.184099 -0.685952 0.826515 0.552231 0.720962 0.276094 20.6906
state42: -0.370068 0.278666 -0.229618 0.24573 -0.00521888 -0.956502 -0.157143 -0.262215 0.139766 -0.708962 0.804246 0.551313 0.722252 0.267606 20.7368
state43: -0.377951 0.277483 -0.221701 0.256326 -0.0119811 -0.952332 -0.164976 -0.279003 0.0954325 -0.731971 0.781978 0.550394 0.723543 0.259258 20.7878
state44: -0.385834 0.2763 -0.213784 -0.266861 0.0187405 0.947937 0.172769 -0.295791 0.0510991 -0.75498 0.759709 0.549476 0.724833 0.251075 20.8441
state45: -0.385834 0.2763 -0.213784 -0.266861 0.0187405 0.947937 0.172769 -0.295791 0.0510991 -0.75498 0.759709 0.549476 0.724833 0.251075 20.8441
state46: -0.3493 0.243817 -0.187354 -0.278439 0.0143482 0.94324 0.180454 -0.313822 0.0704071 -0.740646 0.75418 0.54533 0.701578 0.251267 20.7767
state47: -0.312765 0.211335 -0.160925 -0.289951 0.00995252 0.938323 0.188095 -0.331854 0.0897151 -0.726312 0.74865 0.541184 0.678323 0.251414 20.708
state48: -0.27623 0.178853 -0.134496 -0.301396 0.0055545 0.933185 0.195693 -0.349885 0.109023 -0.711978 0.743121 0.537039 0.655068 0.251512 20.6378
state49: -0.239695 0.146371 -0.108067 -0.31277 0.00115518 0.927828 0.203245 -0.367916 0.128331 -0.697644 0.737591 0.532893 0.631813 0.251556 20.596
state50: -0.20316 0.113888 -0.0816381 -0.324071 -0.0032444 0.922254 0.210749 -0.385948 0.147639 -0.683309 0.732062 0.528748 0.608559 0.251541 20.602
state51: -0.166625 0.0814062 -0.055209 -0.335295 -0.00764323 0.916464 0.218204 -0.403979 0.166947 -0.668975 0.726532 0.524602 0.585304 0.251462 20.6064
state52: -0.13009 0.048924 -0.0287799 -0.346441 -0.0120403 0.910459 0.225607 -0.42201 0.186255 -0.654641 0.721003 0.520456 0.562049 0.251316 20.6092
state53: -0.0935555 0.0164417 -0.0023508 -0.357506 -0.0164345 0.90424 0.232958 -0.440042 0.205563 -0.640307 0.715473 0.516311 0.538794 0.251097 20.6103
state54: -0.0570207 -0.0160405 0.0240783 -0.368487 -0.0208248 0.897809 0.240254 -0.458073 0.224871 -0.625973 0.709944 0.512165 0.515539 0.250801 20.6096
state55: -0.0204858 -0.0485228 0.0505074 -0.379382 -0.0252103 0.891168 0.247494 -0.476105 0.244179 -0.611639 0.704414 0.508019 0.492285 0.250426 20.6071
state56: 0.0160491 -0.081005 0.0769365 -0.390188 -0.0295899 0.884318 0.254676 -0.494136 0.263487 -0.597305 0.698885 0.503874 0.46903 0.249967 20.6026
state57: 0.0525839 -0.113487 0.103366 -0.400902 -0.0339625 0.877261 0.261798 -0.512167 0.282795 -0.582971 0.693355 0.499728 0.445775 0.249423 20.5963
state58: 0.0891188 -0.14597 0.129795 -0.411522 -0.0383272 0.869998 0.268858 -0.530199 0.302103 -0.568637 0.687826 0.495583 0.42252 0.24879 20.5879
state59: 0.125654 -0.178452 0.156224 -0.422046 -0.0426829 0.862531 0.275856 -0.54823 0.321411 -0.554303 0.682296 0.491437 0.399265 0.248068 20.5776
state60: 0.162189 -0.210934 0.182653 -0.432471 -0.0470285 0.854861 0.282789 -0.566261 0.340719 -0.539968 0.676767 0.487291 0.37601 0.247256 20.5652
state61: 0.198723 -0.243416 0.209082 -0.442794 -0.0513632 0.846992 0.289655 -0.584293 0.360027 -0.525634 0.671237 0.483146 0.352756 0.246353 20.5507
state62: 0.235258 -0.275899 0.235511 -0.453014 -0.0556858 0.838923 0.296454 -0.602324 0.379335 -0.5113 0.665708 0.479 0.329501 0.245361 20.5342
state63: 0.271793 -0.308381 0.26194 -0.463127 -0.0599954 0.830658 0.303183 -0.620356 0.398643 -0.496966 0.660178 0.474855 0.306246 0.24428 20.5157
state64: 0.308328 -0.340863 0.288369 -0.473132 -0.0642908 0.822199 0.309841 -0.638387 0.417951 -0.482632 0.654649 0.470709 0.282991 0.243112 20.4951
state65: 0.308328 -0.340863 0.288369 -0.473132 -0.0642908 0.822199 0.309841 -0.638387 0.417951 -0.482632 0.654649 0.470709 0.282991 0.243112 20.4951
state66: 0.326158 -0.347178 0.298455 -0.475148 -0.0521849 0.818617 0.318397 -0.649781 0.420057 -0.486647 0.655754 0.47669 0.299408 0.24452 20.4767
state67: 0.343988 -0.353493 0.308541 -0.477052 -0.0400666 0.814842 0.326877 -0.661175 0.422163 -0.490662 0.656858 0.48267 0.315824 0.245901 20.4578
state68: 0.361818 -0.359808 0.318627 -0.478843 -0.0279388 0.810874 0.335279 -0.672569 0.42427 -0.494677 0.657963 0.488651 0.332241 0.247254 20.4386
state69: 0.379648 -0.366123 0.328713 -0.48052 -0.0158044 0.806714 0.343603 -0.683963 0.426376 -0.498692 0.659068 0.494632 0.348657 0.248581 20.419
state70: 0.397479 -0.372438 0.338799 -0.482084 -0.00366622 0.802363 0.351845 -0.695357 0.428482 -0.502707 0.660173 0.500613 0.365074 0.249882 20.399
state71: 0.415309 -0.378753 0.348886 -0.483534 0.00847279 0.797822 0.360003 -0.70675 0.430589 -0.506722 0.661277 0.506593 0.38149 0.251157 20.3787
state72: 0.433139 -0.385068 0.358972 -0.484869 0.0206098 0.793093 0.368077 -0.718144 0.432695 -0.510737 0.662382 0.512574 0.397907 0.252409 20.358
state73: 0.450969 -0.391383 0.369058 -0.48609 0.0327419 0.788176 0.376063 -0.729538 0.434801 -0.514752 0.663487 0.518555 0.414323 0.253637 20.337
state74: 0.468799 -0.397698 0.379144 -0.487195 0.0448663 0.783072 0.383961 -0.740932 0.436908 -0.518766 0.664591 0.524535 0.43074 0.254841 20.3158
state75: 0.486629 -0.404013 0.38923 -0.488186 0.0569801 0.777783 0.391767 -0.752326 0.439014 -0.522781 0.665696 0.530516 0.447156 0.256024 20.2943
state76: 0.504459 -0.410327 0.399316 -0.48906 0.0690804 0.77231 0.399481 -0.76372 0.44112 -0.526796 0.666801 0.536497 0.463573 0.257184 20.2725
state77: 0.522289 -0.416642 0.409402 -0.489819 0.0811643 0.766654 0.407101 -0.775114 0.443227 -0.530811 0.667905 0.542477 0.47999 0.258324 20.2505
state78: 0.54012 -0.422957 0.419488 -0.490462 0.093229 0.760817 0.414623 -0.786508 0.445333 -0.534826 0.66901 0.548458 0.496406 0.259443 20.2283
state79: 0.55795 -0.429272 0.429574 -0.490989 0.105272 0.7548 0.422048 -0.797902 0.447439 -0.538841 0.670115 0.554439 0.512823 0.260542 20.2059
state80: 0.57578 -0.435587 0.43966 -0.4914 0.117289 0.748604 0.429373 -0.809296 0.449546 -0.542856 0.67122 0.56042 0.529239 0.261623 20.1833
state81: 0.59361 -0.441902 0.449746 -0.491695 0.129279 0.742231 0.436597 -0.82069 0.451652 -0.546871 0.672324 0.5664 0.545656 0.262684 20.1605
state82: 0.61144 -0.448217 0.459832 -0.491873 0.141239 0.735682 0.443717 -0.832083 0.453758 -0.550886 0.673429 0.572381 0.562072 0.263728 20.1375
state83: 0.62927 -0.454532 0.469918 -0.491935 0.153165 0.728959 0.450732 -0.843477 0.455865 -0.554901 0.674534 0.578362 0.578489 0.264754 20.1144
state84: 0.6471 -0.460847 0.480004 -0.49188 0.165055 0.722064 0.45764 -0.854871 0.457971 -0.558916 0.675638 0.584342 0.594905 0.265764 20.0912
state85: 0.66493 -0.467162 0.49009 -0.491709 0.176905 0.714998 0.46444 -0.866265 0.460077 -0.562931 0.676743 0.590323 0.611322 0.266757 20.0678
state86: 0.68276 -0.473477 0.500176 -0.491422 0.188714 0.707762 0.471131 -0.877659 0.462184 -0.566946 0.677848 0.596304 0.627738 0.267735 20.0444
state87: 0.700591 -0.479792 0.510262 -0.491018 0.200478 0.70036 0.477709 -0.889053 0.46429 -0.570961 0.678952 0.602284 0.644155 0.268697 20.0208
state88: 0.718421 -0.486107 0.520348 -0.490498 0.212195 0.692791 0.484175 -0.900447 0.466396 -0.574976 0.680057 0.608265 0.660572 0.269645 19.9971
state89: 0.736251 -0.492422 0.530434 -0.489862 0.223861 0.685058 0.490526 -0.911841 0.468503 -0.578991 0.681162 0.614246 0.676988 0.270579 19.9734
state90: 0.754081 -0.498737 0.540521 -0.48911 0.235475 0.677164 0.496761 -0.923235 0.470609 -0.583005 0.682267 0.620227 0.693405 0.271499 19.9495
state91: 0.771911 -0.505052 0.550607 -0.488243 0.247033 0.669109 0.502879 -0.934629 0.472715 -0.58702 0.683371 0.626207 0.709821 0.272405 19.9256
state92: 0.789741 -0.511367 0.560693 -0.48726 0.258532 0.660896 0.508877 -0.946023 0.474822 -0.591035 0.684476 0.632188 0.726238 0.273298 19.9016
state93: 0.807571 -0.517682 0.570779 -0.486161 0.26997 0.652526 0.514755 -0.957416 0.476928 -0.59505 0.685581 0.638169 0.742654 0.274177 19.8775
state94: 0.825401 -0.523997 0.580865 -0.484948 0.281345 0.644002 0.520511 -0.96881 0.479034 -0.599065 0.686685 0.644149 0.759071 0.275044 19.8534
state95: 0.843232 -0.530311 0.590951 -0.483619 0.292652 0.635326 0.526145 -0.980204 0.481141 -0.60308 0.68779 0.65013 0.775487 0.275897 19.8489
state96: 0.861062 -0.536626 0.601037 -0.482177 0.303891 0.626499 0.531653 -0.991598 0.483247 -0.607095 0.688895 0.656111 0.791904 0.276737 19.8572
state97: 0.861062 -0.536626 0.601037 -0.482177 0.303891 0.626499 0.531653 -0.991598 0.483247 -0.607095 0.688895 0.656111 0.791904 0.276737 19.8572
state98: 0.863929 -0.534617 0.61049 -0.471173 0.302197 0.626471 0.542408 -0.970495 0.507119 -0.60973 0.706808 0.661848 0.79459 0.282226 19.8688
state99: 0.866797 -0.532607 0.619943 -0.460057 0.30043 0.626293 0.553033 -0.949392 0.53099 -0.612364 0.724721 0.667586 0.797276 0.287707 19.8807
state100: 0.869665 -0.530597 0.629396 -0.44883 0.298592 0.625966 0.563526 -0.928289 0.554861 -0.614999 0.742634 0.673323 0.799962 0.293184 19.9082
state101: 0.872533 -0.528587 0.638849 -0.437496 0.296682 0.625488 0.573883 -0.907186 0.578733 -0.617633 0.760547 0.67906 0.802648 0.298659 19.9406
state102: 0.8754 -0.526577 0.648302 -0.426057 0.294701 0.62486 0.584103 -0.886083 0.602604 -0.620268 0.77846 0.684798 0.805334 0.304136 19.9722
state103: 0.878268 -0.524567 0.657755 -0.414516 0.292649 0.624082 0.594183 -0.86498 0.626476 -0.622902 0.796373 0.690535 0.80802 0.309615 20.003
state104: 0.881136 -0.522557 0.667209 -0.402876 0.290527 0.623155 0.604121 -0.843877 0.650347 -0.625537 0.814286 0.696272 0.810707 0.3151 20.0332
state105: 0.884003 -0.520547 0.676662 -0.391139 0.288336 0.622079 0.613914 -0.822774 0.674219 -0.628172 0.832199 0.70201 0.813393 0.320592 20.0627
state106: 0.886871 -0.518538 0.686115 -0.379308 0.286075 0.620854 0.62356 -0.801671 0.69809 -0.630806 0.850112 0.707747 0.816079 0.326092 20.0917
state107: 0.889739 -0.516528 0.695568 -0.367387 0.283746 0.619479 0.633056 -0.780568 0.721962 -0.633441 0.868025 0.713484 0.818765 0.331601 20.1202
state108: 0.892607 -0.514518 0.705021 -0.355377 0.281349 0.617957 0.642401 -0.759465 0.745833 -0.636075 0.885938 0.719222 0.821451 0.33712 20.1483
state109: 0.895474 -0.512508 0.714474 -0.343283 0.278884 0.616286 0.651592 -0.738362 0.769704 -0.63871 0.903851 0.724959 0.824137 0.34265 20.176
state110: 0.898342 -0.510498 0.723927 -0.331106 0.276353 0.614468 0.660627 -0.717259 0.793576 -0.641344 0.921764 0.730696 0.826823 0.348189 20.2033
state111: 0.90121 -0.508488 0.73338 -0.31885 0.273755 0.612502 0.669503 -0.696156 0.817447 -0.643979 0.939677 0.736434 0.829509 0.353738 20.2304
state112: 0.904077 -0.506478 0.742833 -0.306517 0.271092 0.61039 0.678219 -0.675053 0.841319 -0.646614 0.95759 0.742171 0.832195 0.359297 20.2573
state113: 0.906945 -0.504468 0.752286 -0.294111 0.268364 0.608131 0.686772 -0.65395 0.86519 -0.649248 0.975503 0.747908 0.834881 0.364862 20.2841
state114: 0.909813 -0.502459 0.76174 -0.281634 0.265572 0.605727 0.695161 -0.632847 0.889062 -0.651883 0.993416 0.753646 0.837567 0.370431 20.3107
state115: 0.912681 -0.500449 0.771193 -0.26909 0.262716 0.603177 0.703383 -0.611744 0.912933 -0.654517 1.01133 0.759383 0.840254 0.376002 20.3373
state116: 0.915548 -0.498439 0.780646 -0.256481 0.259797 0.600483 0.711437 -0.590641 0.936804 -0.657152 1.02924 0.76512 0.84294 0.381571 20.3639
state117: 0.918416 -0.496429 0.790099 -0.243811 0.256816 0.597645 0.71932 -0.569538 0.960676 -0.659786 1.04716 0.770858 0.845626 0.387131 20.3906
state118: 0.921284 -0.494419 0.799552 -0.231083 0.253773 0.594664 0.727031 -0.548436 0.984547 -0.662421 1.06507 0.776595 0.848312 0.392677 20.4174
state119: 0.924151 -0.492409 0.809005 -0.218299 0.250669 0.591541 0.734568 -0.527333 1.00842 -0.665056 1.08298 0.782332 0.850998 0.398201 20.4445
state120: 0.927019 -0.490399 0.818458 -0.205463 0.247506 0.588275 0.741929 -0.50623 1.03229 -0.66769 1.10089 0.78807 0.853684 0.403692 20.4718
state121: 0.929887 -0.488389 0.827911 -0.192578 0.244283 0.584869 0.749112 -0.485127 1.05616 -0.670325 1.11881 0.793807 0.85637 0.40914 20.4995
state122: 0.932755 -0.48638 0.837364 -0.179646 0.241001 0.581322 0.756115 -0.464024 1.08003 -0.672959 1.13672 0.799544 0.859056 0.414531 20.5277
state123: 0.935622 -0.48437 0.846817 -0.166672 0.237662 0.577637 0.762937 -0.442921 1.1039 -0.675594 1.15463 0.805282 0.861742 0.419848 20.5564
state124: 0.93849 -0.48236 0.856271 -0.153657 0.234266 0.573813 0.769577 -0.421818 1.12778 -0.678228 1.17255 0.811019 0.864428 0.425072 20.5857
state125: 0.941358 -0.48035 0.865724 -0.140606 0.230813 0.569851 0.776032 -0.400715 1.15165 -0.680863 1.19046 0.816756 0.867114 0.430181 20.6157
state126: 0.944225 -0.47834 0.875177 -0.127521 0.227306 0.565753 0.782301 -0.379612 1.17552 -0.683498 1.20837 0.822494 0.869801 0.43515 20.6466
state127: 0.947093 -0.47633 0.88463 -0.114405 0.223744 0.561519 0.788382 -0.358509 1.19939 -0.686132 1.22629 0.828231 0.872487 0.439949 20.6783
state128: 0.949961 -0.47432 0.894083 -0.101262 0.220128 0.557151 0.794275 -0.337406 1.22326 -0.688767 1.2442 0.833968 0.875173 0.444543 20.7111
state129: 0.952829 -0.472311 0.903536 -0.0880949 0.216459 0.552649 0.799977 -0.316303 1.24713 -0.691401 1.26211 0.839706 0.877859 0.448894 20.7449
state130: 0.955696 -0.470301 0.912989 -0.0749066 0.212739 0.548015 0.805488 -0.2952 1.271 -0.694036 1.28002 0.845443 0.880545 0.452958 20.78
state131: 0.958564 -0.468291 0.922442 -0.0617003 0.208968 0.543249 0.810806 -0.274097 1.29488 -0.69667 1.29794 0.85118 0.883231 0.456685 20.8163
state132: 0.961432 -0.466281 0.931895 -0.0484792 0.205146 0.538353 0.815929 -0.252994 1.31875 -0.699305 1.31585 0.856918 0.885917 0.460022 20.8541
state133: 0.964299 -0.464271 0.941348 -0.0352465 0.201276 0.533329 0.820857 -0.231891 1.34262 -0.70194 1.33376 0.862655 0.888603 0.462909 20.8934
state134: 0.967167 -0.462261 0.950802 -0.0220054 0.197357 0.528176 0.825588 -0.210788 1.36649 -0.704574 1.35168 0.868392 0.891289 0.465283 20.9344
state135: 0.970035 -0.460251 0.960255 -0.00875894 0.193391 0.522897 0.830122 -0.189685 1.39036 -0.707209 1.36959 0.87413 0.893975 0.467077 20.9771
state136: 0.972902 -0.458241 0.969708 0.00448958 0.189379 0.517493 0.834456 -0.168582 1.41423 -0.709843 1.3875 0.879867 0.896661 0.468222 21.0217
state137: 0.97577 -0.456232 0.979161 0.017737 0.185321 0.511964 0.838591 -0.147479 1.4381 -0.712478 1.40542 0.885604 0.899347 0.468651 21.0682
state138: 0.978638 -0.454222 0.988614 0.0309802 0.181219 0.506313 0.842524 -0.126376 1.46198 -0.715112 1.42333 0.891342 0.902034 0.4683 21.1169
state139: 0.981506 -0.452212 0.998067 -0.044216 -0.177073 -0.500541 -0.846256 -0.105273 1.48585 -0.717747 1.44124 0.897079 0.90472 0.467108 21.1677
state140: 0.981506 -0.452212 0.998067 -0.044216 -0.177073 -0.500541 -0.846256 -0.105273 1.48585 -0.717747 1.44124 0.897079 0.90472 0.467108 21.1677
state141: 0.974906 -0.445936 0.993505 -0.0471409 -0.180569 -0.487271 -0.853077 -0.104319 1.48566 -0.717563 1.43959 0.893034 0.903929 0.467912 21.1446
state142: 0.968306 -0.439661 0.988944 -0.0500544 -0.184022 -0.473882 -0.85969 -0.103365 1.48547 -0.717379 1.43794 0.888988 0.903139 0.468739 21.1209
state143: 0.961707 -0.433385 0.984382 -0.0529557 -0.18743 -0.460378 -0.866093 -0.102412 1.48528 -0.717195 1.43628 0.884943 0.902349 0.469588 21.0967
state144: 0.955107 -0.42711 0.979821 -0.0558441 -0.190792 -0.446762 -0.872286 -0.101458 1.4851 -0.717011 1.43463 0.880897 0.901559 0.470458 21.072
state145: 0.948508 -0.420834 0.975259 -0.0587189 -0.194107 -0.433037 -0.878267 -0.100504 1.48491 -0.716827 1.43298 0.876852 0.900769 0.471346 21.0468
state146: 0.941908 -0.414558 0.970698 -0.0615794 -0.197376 -0.419207 -0.884034 -0.0995503 1.48472 -0.716644 1.43133 0.872806 0.899979 0.472251 21.0211
state147: 0.935308 -0.408283 0.966136 -0.064425 -0.200596 -0.405275 -0.889586 -0.0985965 1.48453 -0.71646 1.42967 0.868761 0.899188 0.473172 20.9949
state148: 0.928709 -0.402007 0.961574 -0.0672548 -0.203767 -0.391244 -0.894921 -0.0976428 1.48435 -0.716276 1.42802 0.864715 0.898398 0.474105 20.9798
state149: 0.922109 -0.395732 0.957013 -0.0700683 -0.206889 -0.377118 -0.900038 -0.096689 1.48416 -0.716092 1.42637 0.86067 0.897608 0.475048 20.9855
state150: 0.915509 -0.389456 0.952451 -0.0728647 -0.209961 -0.362901 -0.904937 -0.0957353 1.48397 -0.715908 1.42471 0.856624 0.896818 0.476 20.9906
state151: 0.90891 -0.383181 0.94789 -0.0756434 -0.212981 -0.348594 -0.909615 -0.0947815 1.48378 -0.715724 1.42306 0.852579 0.896028 0.476958 20.9952
state152: 0.90231 -0.376905 0.943328 -0.0784037 -0.21595 -0.334203 -0.914071 -0.0938278 1.4836 -0.71554 1.42141 0.848533 0.895237 0.477919 20.9993
state153: 0.895711 -0.37063 0.938766 -0.0811449 -0.218866 -0.319731 -0.918306 -0.092874 1.48341 -0.715356 1.41976 0.844488 0.894447 0.478881 21.0028
state154: 0.889111 -0.364354 0.934205 -0.0838664 -0.221729 -0.305181 -0.922316 -0.0919203 1.48322 -0.715172 1.4181 0.840442 0.893657 0.47984 21.0058
state155: 0.882511 -0.358079 0.929643 -0.0865674 -0.224537 -0.290557 -0.926103 -0.0909665 1.48303 -0.714989 1.41645 0.836397 0.892867 0.480794 21.0082
state156: 0.875912 -0.351803 0.925082 -0.0892474 -0.227291 -0.275861 -0.929663 -0.0900128 1.48285 -0.714805 1.4148 0.832351 0.892077 0.481739 21.01
state157: 0.869312 -0.345527 0.92052 -0.0919056 -0.22999 -0.261099 -0.932998 -0.089059 1.48266 -0.714621 1.41314 0.828306 0.891286 0.482673 21.0112
state158: 0.862712 -0.339252 0.915959 -0.0945415 -0.232633 -0.246273 -0.936105 -0.0881053 1.48247 -0.714437 1.41149 0.82426 0.890496 0.483592 21.0117
state159: 0.856113 -0.332976 0.911397 -0.0971544 -0.235219 -0.231387 -0.938985 -0.0871515 1.48228 -0.714253 1.40984 0.820215 0.889706 0.484492 21.0117
state160: 0.849513 -0.326701 0.906835 -0.0997436 -0.237748 -0.216445 -0.941636 -0.0861978 1.4821 -0.714069 1.40819 0.816169 0.888916 0.485371 21.011
state161: 0.842914 -0.320425 0.902274 -0.102309 -0.240219 -0.201451 -0.944058 -0.085244 1.48191 -0.713885 1.40653 0.812124 0.888126 0.486224 21.0096
state162: 0.836314 -0.31415 0.897712 -0.104849 -0.242632 -0.186407 -0.94625 -0.0842903 1.48172 -0.713701 1.40488 0.808078 0.887336 0.487047 21.0076
state163: 0.829714 -0.307874 0.893151 -0.107363 -0.244986 -0.171318 -0.948212 -0.0833365 1.48153 -0.713517 1.40323 0.804033 0.886545 0.487838 21.005
state164: 0.823115 -0.301599 0.888589 -0.109851 -0.24728 -0.156187 -0.949943 -0.0823828 1.48135 -0.713334 1.40157 0.799987 0.885755 0.488592 21.0016
state165: 0.816515 -0.295323 0.884027 -0.112313 -0.249513 -0.141018 -0.951442 -0.081429 1.48116 -0.71315 1.39992 0.795942 0.884965 0.489306 20.9977
state166: 0.809915 -0.289047 0.879466 -0.114747 -0.251686 -0.125815 -0.952711 -0.0804753 1.48097 -0.712966 1.39827 0.791896 0.884175 0.489975 20.993
state167: 0.803316 -0.282772 0.874904 -0.117154 -0.253798 -0.110581 -0.953747 -0.0795215 1.48078 -0.712782 1.39662 0.787851 0.883385 0.490595 20.9877
state168: 0.796716 -0.276496 0.870343 -0.119532 -0.255848 -0.09532 -0.954551 -0.0785678 1.4806 -0.712598 1.39496 0.783805 0.882594 0.491164 20.9818
state169: 0.790117 -0.270221 0.865781 -0.12188 -0.257836 -0.080036 -0.955123 -0.077614 1.48041 -0.712414 1.39331 0.77976 0.881804 0.491677 20.9752
state170: 0.783517 -0.263945 0.86122 -0.1242 -0.259761 -0.0647326 -0.955462 -0.0766603 1.48022 -0.71223 1.39166 0.775714 0.881014 0.492131 20.9681
state171: 0.776917 -0.25767 0.856658 -0.126488 -0.261623 -0.0494134 -0.955569 -0.0757065 1.48003 -0.712046 1.39 0.771669 0.880224 0.492522 20.9602
state172: 0.770318 -0.251394 0.852096 -0.128747 -0.263421 -0.0340821 -0.955443 -0.0747528 1.47985 -0.711862 1.38835 0.767623 0.879434 0.492847 20.9518
state173: 0.763718 -0.245119 0.847535 -0.130973 -0.265155 -0.0187426 -0.955085 -0.073799 1.47966 -0.711679 1.3867 0.763578 0.878644 0.493102 20.9428
state174: 0.757119 -0.238843 0.842973 -0.133168 -0.266824 -0.00339854 -0.954494 -0.0728453 1.47947 -0.711495 1.38505 0.759532 0.877853 0.493286 20.9332
state175: 0.750519 -0.232567 0.838412 -0.135331 -0.268429 0.0119464 -0.953671 -0.0718915 1.47928 -0.711311 1.38339 0.755487 0.877063 0.493395 20.923
state176: 0.743919 -0.226292 0.83385 -0.13746 -0.269968 0.0272884 -0.952616 -0.0709378 1.4791 -0.711127 1.38174 0.751441 0.876273 0.493426 20.9123
state177: 0.73732 -0.220016 0.829288 -0.139556 -0.271441 0.0426237 -0.951329 -0.069984 1.47891 -0.710943 1.38009 0.747396 0.875483 0.493379 20.9011
state178: 0.73072 -0.213741 0.824727 -0.141618 -0.272849 0.0579487 -0.94981 -0.0690303 1.47872 -0.710759 1.37844 0.74335 0.874693 0.49325 20.8893
state179: 0.72412 -0.207465 0.820165 -0.143646 -0.27419 0.0732596 -0.948061 -0.0680765 1.47853 -0.710575 1.37678 0.739305 0.873902 0.49304 20.8771
state180: 0.717521 -0.20119 0.815604 -0.145639 -0.275464 0.0885526 -0.94608 -0.0671228 1.47835 -0.710391 1.37513 0.735259 0.873112 0.492746 20.8644
state181: 0.710921 -0.194914 0.811042 -0.147596 -0.276671 0.103824 -0.943869 -0.066169 1.47816 -0.710207 1.37348 0.731214 0.872322 0.492369 20.8513
state182: 0.704322 -0.188639 0.806481 -0.149517 -0.277811 0.11907 -0.941429 -0.0652153 1.47797 -0.710024 1.37182 0.727168 0.871532 0.491909 20.8377
state183: 0.697722 -0.182363 0.801919 -0.151402 -0.278883 0.134288 -0.938759 -0.0642615 1.47778 -0.70984 1.37017 0.723123 0.870742 0.491365 20.8238
state184: 0.691122 -0.176088 0.797357 -0.15325 -0.279887 0.149472 -0.935861 -0.0633078 1.4776 -0.709656 1.36852 0.719077 0.869951 0.49074 20.8095
state185: 0.684523 -0.169812 0.792796 -0.155061 -0.280824 0.16462 -0.932735 -0.062354 1.47741 -0.709472 1.36687 0.715032 0.869161 0.490033 20.7949
state186: 0.677923 -0.163536 0.788234 -0.156834 -0.281691 0.179728 -0.929382 -0.0614003 1.47722 -0.709288 1.36521 0.710986 0.868371 0.489248 20.78
state187: 0.671323 -0.157261 0.783673 -0.158569 -0.282491 0.194793 -0.925803 -0.0604465 1.47703 -0.709104 1.36356 0.706941 0.867581 0.488386 20.7648
state188: 0.664724 -0.150985 0.779111 -0.160265 -0.283221 0.20981 -0.921998 -0.0594928 1.47685 -0.70892 1.36191 0.702895 0.866791 0.487449 20.7493
state189: 0.658124 -0.14471 0.774549 -0.161922 -0.283883 0.224776 -0.917969 -0.058539 1.47666 -0.708736 1.36025 0.69885 0.866001 0.486441 20.7336
state190: 0.651525 -0.138434 0.769988 -0.16354 -0.284475 0.239687 -0.913717 -0.0575853 1.47647 -0.708552 1.3586 0.694804 0.86521 0.485366 20.7177
state191: 0.644925 -0.132159 0.765426 -0.165118 -0.284999 0.25454 -0.909242 -0.0566315 1.47628 -0.708369 1.35695 0.690759 0.86442 0.484226 20.7017
state192: 0.638325 -0.125883 0.760865 -0.166656 -0.285453 0.269331 -0.904546 -0.0556778 1.4761 -0.708185 1.3553 0.686713 0.86363 0.483026 20.6855
state193: 0.631726 -0.119608 0.756303 -0.168153 -0.285837 0.284056 -0.89963 -0.054724 1.47591 -0.708001 1.35364 0.682668 0.86284 0.481771 20.6692
state194: 0.625126 -0.113332 0.751742 -0.16961 -0.286152 0.298712 -0.894495 -0.0537703 1.47572 -0.707817 1.35199 0.678622 0.86205 0.480464 20.6529
state195: 0.618526 -0.107056 0.74718 -0.171025 -0.286397 0.313296 -0.889142 -0.0528165 1.47553 -0.707633 1.35034 0.674577 0.861259 0.479111 20.6364
state196: 0.611927 -0.100781 0.742618 -0.172398 -0.286573 0.327803 -0.883572 -0.0518627 1.47535 -0.707449 1.34868 0.670531 0.860469 0.477716 20.6199
state197: 0.605327 -0.0945053 0.738057 -0.17373 -0.286678 0.34223 -0.877788 -0.050909 1.47516 -0.707265 1.34703 0.666486 0.859679 0.476285 20.6035
state198: 0.598728 -0.0882298 0.733495 -0.175019 -0.286714 0.356574 -0.87179 -0.0499552 1.47497 -0.707081 1.34538 0.66244 0.858889 0.474823 20.587
state199: 0.592128 -0.0819542 0.728934 -0.176266 -0.286681 0.370832 -0.86558 -0.0490015 1.47478 -0.706897 1.34373 0.658395 0.858099 0.473335 20.5705
state200: 0.585528 -0.0756787 0.724372 -0.177469 -0.286577 0.384999 -0.859159 -0.0480477 1.4746 -0.706714 1.34207 0.654349 0.857309 0.471827 20.5542
state201: 0.578929 -0.0694031 0.71981 -0.17863 -0.286404 0.399072 -0.852529 -0.047094 1.47441 -0.70653 1.34042 0.650304 0.856518 0.470303 20.5379
state202: 0.572329 -0.0631276 0.715249 -0.179747 -0.286161 0.413049 -0.845692 -0.0461402 1.47422 -0.706346 1.33877 0.646258 0.855728 0.468769 20.5217
state203: 0.56573 -0.056852 0.710687 -0.18082 -0.285848 0.426924 -0.838648 -0.0451865 1.47403 -0.706162 1.33711 0.642213 0.854938 0.467231 20.5056
state204: 0.55913 -0.0505765 0.706126 -0.181849 -0.285466 0.440696 -0.831401 -0.0442327 1.47385 -0.705978 1.33546 0.638167 0.854148 0.465693 20.4896
state205: 0.55253 -0.0443009 0.701564 -0.182834 -0.285014 0.454361 -0.823951 -0.043279 1.47366 -0.705794 1.33381 0.634122 0.853358 0.46416 20.4738
state206: 0.545931 -0.0380254 0.697003 -0.183775 -0.284493 0.467915 -0.816301 -0.0423252 1.47347 -0.70561 1.33216 0.630076 0.852567 0.462638 20.4582
state207: 0.539331 -0.0317498 0.692441 -0.184671 -0.283902 0.481355 -0.808452 -0.0413715 1.47328 -0.705426 1.3305 0.626031 0.851777 0.461131 20.4427
state208: 0.532731 -0.0254743 0.687879 -0.185521 -0.283243 0.494678 -0.800406 -0.0404177 1.4731 -0.705242 1.32885 0.621985 0.850987 0.459644 20.4275
state209: 0.526132 -0.0191987 0.683318 -0.186327 -0.282515 0.50788 -0.792165 -0.039464 1.47291 -0.705059 1.3272 0.61794 0.850197 0.458182 20.4124
state210: 0.519532 -0.0129232 0.678756 -0.187087 -0.281717 0.520959 -0.783732 -0.0385102 1.47272 -0.704875 1.32555 0.613894 0.849407 0.456748 20.3976
state211: 0.512933 -0.00664761 0.674195 -0.187802 -0.280852 0.533911 -0.775107 -0.0375565 1.47253 -0.704691 1.32389 0.609849 0.848616 0.455347 20.383
state212: 0.506333 -0.00037206 0.669633 -0.188471 -0.279918 0.546733 -0.766295 -0.0366027 1.47235 -0.704507 1.32224 0.605803 0.847826 0.453982 20.3686
state213: 0.499733 0.00590349 0.665071 -0.189094 -0.278915 0.559422 -0.757295 -0.035649 1.47216 -0.704323 1.32059 0.601758 0.847036 0.452658 20.3545
state214: 0.493134 0.012179 0.66051 -0.189672 -0.277845 0.571975 -0.748112 -0.0346952 1.47197 -0.704139 1.31893 0.597712 0.846246 0.451377 20.3407
state215: 0.486534 0.0184546 0.655948 -0.190203 -0.276708 0.584389 -0.738746 -0.0337415 1.47178 -0.703955 1.31728 0.593667 0.845456 0.450143 20.3272
state216: 0.479934 0.0247301 0.651387 -0.190687 -0.275502 0.596661 -0.7292 -0.0327877 1.4716 -0.703771 1.31563 0.589621 0.844666 0.448958 20.3139
state217: 0.473335 0.0310057 0.646825 -0.191126 -0.27423 0.608787 -0.719477 -0.031834 1.47141 -0.703587 1.31398 0.585576 0.843875 0.447826 20.3009
state218: 0.466735 0.0372813 0.642264 0.191517 0.272891 -0.620765 0.709579 -0.0308802 1.47122 -0.703403 1.31232 0.58153 0.843085 0.446749 20.2883
state219: 0.466735 0.0372813 0.642264 0.191517 0.272891 -0.620765 0.709579 -0.0308802 1.47122 -0.703403 1.31232 0.58153 0.843085 0.446749 20.2883
state220: 0.464881 0.0356603 0.632793 0.183504 0.261474 -0.626157 0.711256 -0.0295376 1.47552 -0.672821 1.32353 0.556246 0.87469 0.45665 20.3506
state221: 0.463027 0.0340394 0.623322 0.17545 0.249997 -0.631408 0.712771 -0.028195 1.47981 -0.642238 1.33473 0.530962 0.906295 0.465689 20.4088
state222: 0.461173 0.0324185 0.613851 0.167356 0.238463 -0.636516 0.714125 -0.0268524 1.48411 -0.611655 1.34593 0.505678 0.9379 0.473879 20.4627
state223: 0.45932 0.0307976 0.60438 0.159223 0.226876 -0.64148 0.715318 -0.0255098 1.4884 -0.581072 1.35714 0.480394 0.969505 0.481239 20.5124
state224: 0.457466 0.0291766 0.594909 0.151055 0.215237 -0.646298 0.716348 -0.0241671 1.4927 -0.55049 1.36834 0.45511 1.00111 0.487788 20.5578
state225: 0.455612 0.0275557 0.585438 0.142853 0.203549 -0.65097 0.717216 -0.0228245 1.49699 -0.519907 1.37954 0.429827 1.03272 0.493552 20.5988
state226: 0.453758 0.0259348 0.575967 0.134618 0.191816 -0.655494 0.717922 -0.0214819 1.50128 -0.489324 1.39075 0.404543 1.06432 0.498555 20.6353
state227: 0.451904 0.0243139 0.566496 0.126352 0.180038 -0.659871 0.718465 -0.0201393 1.50558 -0.458741 1.40195 0.379259 1.09593 0.502825 20.6671
state228: 0.45005 0.0226929 0.557025 0.118058 0.16822 -0.664097 0.718846 -0.0187967 1.50987 -0.428159 1.41315 0.353975 1.12753 0.506392 20.694
state229: 0.448196 0.021072 0.547555 0.109738 0.156364 -0.668174 0.719063 -0.017454 1.51417 -0.397576 1.42436 0.328691 1.15914 0.509285 20.716
state230: 0.446342 0.0194511 0.538084 0.101392 0.144473 -0.672098 0.719118 -0.0161114 1.51846 -0.366993 1.43556 0.303407 1.19074 0.511537 20.7329
state231: 0.444488 0.0178302 0.528613 0.0930238 0.132549 -0.675871 0.71901 -0.0147688 1.52276 -0.33641 1.44676 0.278123 1.22235 0.513179 20.7444
state232: 0.442634 0.0162092 0.519142 0.0846343 0.120595 -0.679491 0.718739 -0.0134262 1.52705 -0.305828 1.45797 0.252839 1.25395 0.514244 20.7505
state233: 0.44078 0.0145883 0.509671 0.0762256 0.108613 -0.682957 0.718306 -0.0120836 1.53135 -0.275245 1.46917 0.227555 1.28556 0.514764 20.751
state234: 0.438926 0.0129674 0.5002 0.0677996 0.0966071 -0.686268 0.717709 -0.0107409 1.53564 -0.244662 1.48037 0.202271 1.31716 0.514771 20.7458
state235: 0.437073 0.0113465 0.490729 0.0593583 0.0845791 -0.689424 0.71695 -0.00939833 1.53994 -0.214079 1.49158 0.176987 1.34877 0.514297 20.735
state236: 0.435219 0.00972554 0.481258 0.0509035 0.072532 -0.692423 0.716029 -0.00805571 1.54423 -0.183497 1.50278 0.151703 1.38037 0.513375 20.7184
state237: 0.433365 0.00810462 0.471787 0.0424372 0.0604684 -0.695266 0.714946 -0.00671309 1.54853 -0.152914 1.51398 0.12642 1.41198 0.512034 20.696
state238: 0.431511 0.0064837 0.462317 0.0339613 0.0483912 -0.697951 0.713701 -0.00537047 1.55282 -0.122331 1.52519 0.101136 1.44358 0.510305 20.668
state239: 0.429657 0.00486277 0.452846 0.0254777 0.036303 -0.700479 0.712294 -0.00402786 1.55712 -0.0917483 1.53639 0.0758517 1.47519 0.508218 20.6344
state240: 0.427803 0.00324185 0.443375 0.0169884 0.0242065 -0.702847 0.710726 -0.00268524 1.56141 -0.0611655 1.54759 0.0505678 1.50679 0.505801 20.5952
state241: 0.425949 0.00162092 0.433904 0.00849514 0.0121046 -0.705057 0.708996 -0.00134262 1.56571 -0.0305828 1.5588 0.0252839 1.5384 0.503082 20.5508
state242: 0.424095 0 0.424433 0 0 -0.707107 0.707107 0 1.57 0 1.57 0 1.57 0.5 20.5815
end
