start_state: 0 -0.25 0.2 0 0 0 1 0 1.57 0 1.57 0 1.57 -0 0 -0 0 -0 0 -0 0
goal_state: 0 0 0.9 0 0 0 1 0 1.57 0 1.57 0 1.57 1.63042e-322 1.8565e-316 1.85638e-316 8.40705e-315 4.00193e-322 6.92726e-310 1.86071e-316 1.86364e-316
states: 258
planning_mode: 2
locomotion_mode: 1
planning_time: 584.765
motion_cost: 6.37038
minimum_var: 0.210606
minimum_var_state_entry: 98
maximum_force : 24.2186
maximum_force_state_entry: 154
state0: 0 -0.25 0.2 0 0 0 1 0 1.57 0 1.57 0 1.57 -0 0 -0 0 -0 0 -0 0 0.5 20.7189
state1: 0 -0.25 0.2 0 0 0 1 0 1.57 0 1.57 0 1.57 -0 0 -0 0 -0 0 -0 0 0.5 20.7189
state2: 0 -0.25 0.2 0 0 0 1 0 1.57 0 1.57 0 1.57 -0 0 -0 0 -0 0 -0 0 0.5 20.7189
state3: -0.0024091 -0.236587 0.200096 0.00282171 -0.00160604 -0.0150429 0.999882 -0.00241978 1.56692 0.0155838 1.53826 -0.0176922 1.5378 -0.00569112 0.0031268 0.00552455 0.00571254 -0.00968628 -0.00584265 0.0115232 0.0100718 0.502152 20.6834
state4: -0.00481821 -0.223175 0.200192 0.00564275 -0.00321169 -0.0300822 0.999526 -0.00483955 1.56385 0.0311677 1.50652 -0.0353844 1.50559 -0.0114738 0.00608089 0.0108408 0.0115492 -0.018881 -0.0120777 0.0220249 0.0203579 0.503906 20.6515
state5: -0.00722731 -0.209762 0.200288 0.00846245 -0.00481659 -0.0451143 0.998934 -0.00725933 1.56077 0.0467515 1.47478 -0.0530765 1.47339 -0.017343 0.00885947 0.0159454 0.0175031 -0.0275836 -0.018673 0.0315519 0.0307927 0.505276 20.6234
state6: -0.00963641 -0.196349 0.200383 0.0112801 -0.00642034 -0.0601358 0.998106 -0.0096791 1.55769 0.0623353 1.44304 -0.0707687 1.44118 -0.0232934 0.0114599 0.0208352 0.0235669 -0.0357952 -0.0255974 0.0401532 0.0413181 0.506254 20.5988
state7: -0.0120455 -0.182936 0.200479 0.0140952 -0.00802257 -0.075143 0.997041 -0.0120989 1.55462 0.0779192 1.4113 -0.0884609 1.40898 -0.0293196 0.0138798 0.025507 0.0297333 -0.0435192 -0.0328212 0.0478792 0.0518834 0.506836 20.5779
state8: -0.0144546 -0.169524 0.200575 0.0169069 -0.00962291 -0.0901325 0.99574 -0.0145187 1.55154 0.093503 1.37956 -0.106153 1.37677 -0.0354164 0.0161168 0.0299581 0.0359952 -0.0507606 -0.0403161 0.0547804 0.0624453 0.507018 20.5604
state9: -0.0168637 -0.156111 0.200671 0.0197146 -0.011221 -0.105101 0.994203 -0.0169384 1.54846 0.109087 1.34782 -0.123845 1.34457 -0.041578 0.0181688 0.0341859 0.042345 -0.057526 -0.0480555 0.0609074 0.0729671 0.506798 20.5464
state10: -0.0192728 -0.142698 0.200767 0.0225176 -0.0128164 -0.120044 0.99243 -0.0193582 1.54539 0.124671 1.31608 -0.141537 1.31236 -0.0477991 0.0200338 0.038188 0.0487752 -0.0638234 -0.0560145 0.0663094 0.0834188 0.506175 20.5358
state11: -0.0216819 -0.129285 0.200863 0.0253152 -0.0144087 -0.134959 0.990423 -0.021778 1.54231 0.140254 1.28434 -0.15923 1.28016 -0.0540739 0.0217101 0.0419623 0.0552784 -0.069662 -0.06417 0.0710345 0.0937762 0.505147 20.5284
state12: -0.024091 -0.115873 0.200958 0.0281069 -0.0159977 -0.149841 0.988181 -0.0241978 1.53923 0.155838 1.2526 -0.176922 1.24796 -0.0603967 0.0231961 0.0455068 0.0618468 -0.0750521 -0.0725006 0.0751281 0.104021 0.503716 20.5242
state13: -0.0265001 -0.10246 0.201054 0.030892 -0.0175828 -0.164689 0.985705 -0.0266175 1.53616 0.171422 1.22086 -0.194614 1.21575 -0.0667617 0.0244903 0.0488197 0.0684728 -0.0800047 -0.080987 0.0786335 0.114138 0.501884 20.5231
state14: -0.0289092 -0.089047 0.20115 0.0336697 -0.0191638 -0.179497 0.982995 -0.0290373 1.53308 0.187006 1.18912 -0.212306 1.18355 -0.0731632 0.0255915 0.0518995 0.0751487 -0.0845314 -0.0896117 0.081591 0.124119 0.499652 20.525
state15: -0.0313183 -0.0756343 0.201246 0.0364394 -0.0207403 -0.194263 0.980053 -0.0314571 1.53 0.20259 1.15738 -0.229998 1.15134 -0.0795952 0.0264986 0.0547447 0.0818667 -0.0886445 -0.0983593 0.0840377 0.133958 0.497023 20.5299
state16: -0.0337274 -0.0622215 0.201342 0.0392005 -0.0223118 -0.208983 0.976879 -0.0338769 1.52693 0.218174 1.12564 -0.247691 1.11914 -0.0860519 0.0272108 0.0573543 0.0886191 -0.0923562 -0.107216 0.0860077 0.143651 0.494003 20.5378
state17: -0.0361366 -0.0488088 0.201438 0.0419523 -0.0238781 -0.223653 0.973473 -0.0362966 1.52385 0.233757 1.0939 -0.265383 1.08693 -0.0925272 0.0277274 0.0597273 0.0953979 -0.0956792 -0.116171 0.0875314 0.153197 0.490596 20.5485
state18: -0.0385457 -0.0353961 0.201533 0.0446942 -0.0254387 -0.23827 0.969836 -0.0387164 1.52077 0.249341 1.06216 -0.283075 1.05473 -0.0990154 0.0280478 0.0618629 0.102195 -0.0986257 -0.125214 0.0886361 0.162598 0.486808 20.5654
state19: -0.0409548 -0.0219833 0.201629 0.0474255 -0.0269933 -0.252831 0.96597 -0.0411362 1.5177 0.264925 1.03042 -0.300767 1.02252 -0.10551 0.0281718 0.0637606 0.109004 -0.101208 -0.134337 0.0893459 0.171857 0.482645 20.5883
state20: -0.0433639 -0.00857056 0.201725 0.0501456 -0.0285415 -0.267332 0.961875 -0.043556 1.51462 0.280509 0.998679 -0.318459 0.990319 -0.112006 0.0280993 0.0654201 0.115815 -0.103437 -0.143534 0.0896818 0.180975 0.478116 20.6091
state21: -0.045773 0.00484219 0.201821 0.0528538 -0.0300829 -0.28177 0.957553 -0.0459757 1.51154 0.296093 0.966939 -0.336151 0.958115 -0.118496 0.0278303 0.0668412 0.122621 -0.105325 -0.152801 0.0896618 0.189955 0.473227 20.6277
state22: -0.0481821 0.0182549 0.201917 0.0555495 -0.0316172 -0.296141 0.953003 -0.0483955 1.50847 0.311677 0.935199 -0.353844 0.92591 -0.124976 0.027365 0.068024 0.129414 -0.106881 -0.162136 0.0893017 0.198802 0.467988 20.6443
state23: -0.0505912 0.0316677 0.202013 0.058232 -0.033144 -0.310442 0.948228 -0.0508153 1.50539 0.32726 0.903459 -0.371536 0.893706 -0.131438 0.026704 0.0689688 0.136186 -0.108115 -0.171537 0.088615 0.207515 0.46241 20.6719
state24: -0.0530003 0.0450804 0.202108 0.0609007 -0.034663 -0.324669 0.943228 -0.0532351 1.50231 0.342844 0.871719 -0.389228 0.861501 -0.137877 0.0258479 0.0696762 0.14293 -0.109036 -0.181005 0.0876132 0.216097 0.456501 20.7022
state25: -0.0554094 0.0584932 0.202204 0.063555 -0.0361737 -0.338819 0.938005 -0.0556548 1.49924 0.358428 0.839979 -0.40692 0.829297 -0.144287 0.0247975 0.0701468 0.149637 -0.109649 -0.190542 0.0863069 0.224548 0.450273 20.7355
state26: -0.0578185 0.0719059 0.2023 0.0661943 -0.0376759 -0.352889 0.93256 -0.0580746 1.49616 0.374012 0.808239 -0.424612 0.797092 -0.150662 0.0235537 0.0703816 0.1563 -0.109961 -0.20015 0.0847055 0.232866 0.443738 20.7716
state27: -0.0602276 0.0853187 0.202396 0.0688178 -0.0391692 -0.366876 0.926894 -0.0604944 1.49308 0.389596 0.776498 -0.442305 0.764888 -0.156996 0.0221179 0.0703819 0.162911 -0.109977 -0.209833 0.082818 0.241049 0.436909 20.8106
state28: -0.0626367 0.0987314 0.202492 0.0714251 -0.0406532 -0.380776 0.921008 -0.0629142 1.49001 0.40518 0.744758 -0.459997 0.732683 -0.163284 0.0204913 0.070149 0.169461 -0.109698 -0.219597 0.0806535 0.249092 0.429798 20.8526
state29: -0.0650458 0.112144 0.202588 0.0740155 -0.0421275 -0.394585 0.914904 -0.065334 1.48693 0.420763 0.713018 -0.477689 0.700479 -0.16952 0.0186755 0.0696846 0.175944 -0.109125 -0.229447 0.0782217 0.256991 0.422418 20.8977
state30: -0.0674549 0.125557 0.202683 0.0765883 -0.0435919 -0.408301 0.908584 -0.0677537 1.48385 0.436347 0.681278 -0.495381 0.668274 -0.175698 0.0166723 0.0689907 0.182352 -0.108259 -0.239388 0.0755329 0.26474 0.414784 20.9458
state31: -0.069864 0.13897 0.202779 0.079143 -0.0450459 -0.421921 0.902048 -0.0701735 1.48078 0.451931 0.649538 -0.513073 0.63607 -0.181812 0.0144836 0.0680693 0.188676 -0.107096 -0.249428 0.072599 0.272331 0.40691 20.9972
state32: -0.0722731 0.152382 0.202875 0.0816789 -0.0464893 -0.43544 0.895298 -0.0725933 1.4777 0.467515 0.617798 -0.530765 0.603865 -0.187857 0.0121114 0.0669229 0.19491 -0.105631 -0.259574 0.0694334 0.279758 0.398811 21.0518
state33: -0.0746822 0.165795 0.202971 0.0841955 -0.0479217 -0.448856 0.888337 -0.0750131 1.47462 0.483099 0.586058 -0.548458 0.571661 -0.193828 0.00955801 0.0655542 0.201046 -0.103858 -0.269832 0.0660515 0.287012 0.390503 21.1097
state34: -0.0770913 0.179208 0.203067 0.0866922 -0.0493427 -0.462166 0.881165 -0.0774328 1.47155 0.498683 0.554318 -0.56615 0.539456 -0.199719 0.00682584 0.0639662 0.207077 -0.101769 -0.280208 0.0624707 0.294088 0.382001 21.1711
state35: -0.0770913 0.179208 0.203067 0.0866922 -0.0493427 -0.462166 0.881165 -0.0774328 1.47155 0.498683 0.554318 -0.56615 0.539456 -0.199719 0.00682584 0.0639662 0.207077 -0.101769 -0.280208 0.0624707 0.294088 0.382001 21.1711
state36: -0.0819124 0.178134 0.221362 0.0924589 -0.035078 -0.460942 0.881903 -0.0965106 1.44687 0.482346 0.550705 -0.536763 0.524436 -0.196738 -0.0233676 0.047522 0.204137 -0.107647 -0.260885 0.0470808 0.289304 0.378303 21.129
state37: -0.0867336 0.17706 0.239658 0.0982035 -0.0208049 -0.459607 0.882431 -0.115588 1.42219 0.466009 0.547093 -0.507376 0.509416 -0.19393 -0.0535779 0.0312927 0.200515 -0.113756 -0.242215 0.031366 0.283656 0.374308 21.0853
state38: -0.0915547 0.175987 0.257954 0.103925 -0.00652682 -0.458162 0.882748 -0.134666 1.39752 0.449673 0.54348 -0.477989 0.494396 -0.191291 -0.0838037 0.0153042 0.196224 -0.120078 -0.224209 0.0153787 0.277109 0.370027 21.0398
state39: -0.0963758 0.174913 0.276249 0.109621 0.00775282 -0.456608 0.882854 -0.153744 1.37284 0.433336 0.539868 -0.448601 0.479376 -0.188818 -0.114044 -0.000418622 0.191275 -0.126596 -0.206874 -0.000826417 0.269631 0.365471 20.9927
state40: -0.101197 0.173839 0.294545 0.115291 0.0220306 -0.454945 0.88275 -0.172822 1.34816 0.417 0.536255 -0.419214 0.464355 -0.186508 -0.144298 -0.015852 0.185683 -0.133291 -0.19022 -0.0171928 0.261195 0.360652 20.9439
state41: -0.106018 0.172765 0.312841 0.120934 0.0363031 -0.453174 0.882434 -0.191899 1.32349 0.400663 0.532643 -0.389827 0.449335 -0.184358 -0.174564 -0.0309736 0.179463 -0.140145 -0.174255 -0.0336629 0.251776 0.355583 20.8935
state42: -0.110839 0.171691 0.331137 0.126548 0.050567 -0.451294 0.881908 -0.210977 1.29881 0.384327 0.52903 -0.36044 0.434315 -0.182366 -0.204841 -0.0457623 0.17263 -0.147136 -0.158986 -0.0501781 0.241353 0.350278 20.8416
state43: -0.11566 0.170618 0.349432 0.132131 0.0648188 -0.449306 0.881172 -0.230055 1.27413 0.36799 0.525418 -0.331053 0.419295 -0.180533 -0.235128 -0.0601984 0.1652 -0.154245 -0.144417 -0.0666802 0.229909 0.34475 20.788
state44: -0.120481 0.169544 0.367728 0.137683 0.0790551 -0.447212 0.880225 -0.249133 1.24946 0.351654 0.521805 -0.301666 0.404275 -0.178858 -0.265425 -0.0742635 0.15719 -0.161449 -0.130555 -0.0831109 0.217431 0.339013 20.7328
state45: -0.125303 0.16847 0.386024 0.143202 0.0932725 -0.44501 0.879067 -0.268211 1.22478 0.335317 0.518193 -0.272279 0.389255 -0.177341 -0.29573 -0.0879407 0.148619 -0.168726 -0.117402 -0.099413 0.203909 0.333082 20.676
state46: -0.130124 0.167396 0.404319 0.148687 0.107468 -0.442702 0.8777 -0.287288 1.2001 0.318981 0.51458 -0.242892 0.374234 -0.175984 -0.326043 -0.101214 0.139503 -0.176052 -0.104961 -0.115531 0.189339 0.326969 20.6175
state47: -0.134945 0.166323 0.422615 0.154137 0.121637 -0.440288 0.876124 -0.306366 1.17543 0.302644 0.510968 -0.213505 0.359214 -0.174789 -0.356362 -0.11407 0.12986 -0.183403 -0.0932324 -0.13141 0.173718 0.320691 20.5573
state48: -0.139766 0.165249 0.440911 0.159549 0.135778 -0.43777 0.874338 -0.325444 1.15075 0.286307 0.507355 -0.184118 0.344194 -0.17376 -0.386688 -0.126494 0.11971 -0.190753 -0.0822168 -0.146998 0.157049 0.31426 20.4954
state49: -0.144587 0.164175 0.459206 0.164924 0.149886 -0.435146 0.872343 -0.344522 1.12607 0.269971 0.503743 -0.154731 0.329174 -0.1729 -0.417017 -0.138475 0.10907 -0.198078 -0.0719122 -0.162245 0.139337 0.30769 20.4316
state50: -0.149408 0.163101 0.477502 0.170259 0.163958 -0.432419 0.87014 -0.363599 1.1014 0.253634 0.50013 -0.125343 0.314154 -0.172214 -0.447351 -0.150003 0.0979608 -0.205351 -0.0623157 -0.177105 0.120591 0.300996 20.366
state51: -0.154229 0.162028 0.495798 0.175554 0.177991 -0.429589 0.867729 -0.382677 1.07672 0.237298 0.496518 -0.0959564 0.299133 -0.171709 -0.477688 -0.161068 0.0863999 -0.212544 -0.0534227 -0.191532 0.100822 0.29419 20.2985
state52: -0.15905 0.160954 0.514093 0.180806 0.191982 -0.426656 0.865111 -0.401755 1.05205 0.220961 0.492905 -0.0665693 0.284113 -0.171393 -0.508027 -0.17166 0.0744067 -0.219632 -0.0452274 -0.205484 0.0800459 0.287286 20.2289
state53: -0.163871 0.15988 0.532389 0.186016 0.205926 -0.423621 0.862286 -0.420833 1.02737 0.204625 0.489293 -0.0371822 0.269093 -0.171273 -0.538367 -0.181773 0.0620003 -0.226586 -0.0377223 -0.218922 0.0582798 0.280296 20.1573
state54: -0.168693 0.158806 0.550685 0.19118 0.219822 -0.420485 0.859256 -0.43991 1.00269 0.188288 0.48568 -0.00779516 0.254073 -0.171361 -0.568708 -0.191399 0.0491996 -0.233378 -0.0308986 -0.231809 0.0355437 0.273232 20.0834
state55: -0.173514 0.157732 0.56898 0.1963 0.233665 -0.417248 0.85602 -0.458988 0.978016 0.171952 0.482068 0.0215919 0.239053 -0.171668 -0.599047 -0.200532 0.0360233 -0.239982 -0.0247459 -0.244111 0.0118595 0.266107 20.0074
state56: -0.178335 0.156659 0.587276 0.201372 0.247452 -0.413912 0.85258 -0.478066 0.953339 0.155615 0.478455 0.050979 0.224033 -0.172209 -0.629384 -0.209168 0.0224904 -0.246368 -0.0192523 -0.255794 -0.0127485 0.258931 19.9289
state57: -0.183156 0.155585 0.605572 0.206397 0.26118 -0.410477 0.848937 -0.497144 0.928663 0.139278 0.474843 0.0803661 0.209012 -0.173 -0.659717 -0.2173 0.00861923 -0.25251 -0.0144046 -0.266827 -0.0382546 0.251716 19.8481
state58: -0.187977 0.154511 0.623867 0.211372 0.274846 -0.406944 0.84509 -0.516222 0.903986 0.122942 0.47123 0.109753 0.193992 -0.174061 -0.690046 -0.224926 -0.00557166 -0.258381 -0.0101879 -0.277183 -0.0646315 0.244472 19.7647
state59: -0.192798 0.153437 0.642163 0.216296 0.288446 -0.403314 0.841042 -0.535299 0.87931 0.106605 0.467618 0.13914 0.178972 -0.175414 -0.720369 -0.23204 -0.0200641 -0.263954 -0.00658621 -0.286831 -0.0918504 0.237209 19.6787
state60: -0.197619 0.152364 0.660459 0.221169 0.301978 -0.399588 0.836793 -0.554377 0.854633 0.0902688 0.464005 0.168527 0.163952 -0.177085 -0.750684 -0.238639 -0.0348401 -0.269202 -0.00358208 -0.295745 -0.119882 0.229937 19.59
state61: -0.20244 0.15129 0.678755 0.22599 0.315437 -0.395766 0.832345 -0.573455 0.829957 0.0739322 0.460393 0.197914 0.148932 -0.179104 -0.780989 -0.24472 -0.0498819 -0.274101 -0.00115678 -0.303898 -0.148694 0.222666 19.4986
state62: -0.207262 0.150216 0.69705 0.230756 0.328821 -0.39185 0.827697 -0.592533 0.80528 0.0575957 0.45678 0.227302 0.133912 -0.181507 -0.811283 -0.25028 -0.0651718 -0.278625 0.000709625 -0.31126 -0.178256 0.215403 19.4043
state63: -0.207262 0.150216 0.69705 0.230756 0.328821 -0.39185 0.827697 -0.592533 0.80528 0.0575957 0.45678 0.227302 0.133912 -0.181507 -0.811283 -0.25028 -0.0651718 -0.278625 0.000709625 -0.31126 -0.178256 0.215403 19.4043
state64: -0.213605 0.150923 0.705827 0.216573 0.332181 -0.388012 0.831985 -0.559875 0.80036 0.0254947 0.47943 0.214564 0.122993 -0.148553 -0.804963 -0.252355 -0.0983503 -0.280753 0.00572763 -0.308339 -0.164227 0.216811 19.3995
state65: -0.219948 0.151631 0.714605 0.202336 0.335459 -0.38408 0.836068 -0.527218 0.79544 -0.00660628 0.502079 0.201826 0.112074 -0.115844 -0.798572 -0.254485 -0.132052 -0.282841 0.0102378 -0.305884 -0.150668 0.218087 19.3936
state66: -0.226291 0.152338 0.723382 0.18805 0.338656 -0.380053 0.839946 -0.49456 0.79052 -0.0387073 0.524728 0.189089 0.101155 -0.0833751 -0.792119 -0.256651 -0.16626 -0.284882 0.0142423 -0.303863 -0.137587 0.219236 19.3866
state67: -0.232635 0.153045 0.732159 0.173718 0.341769 -0.375933 0.843618 -0.461903 0.7856 -0.0708082 0.547378 0.176351 0.0902358 -0.0511414 -0.78561 -0.258836 -0.200956 -0.286869 0.0177421 -0.302245 -0.124995 0.220261 19.3788
state68: -0.238978 0.153753 0.740937 0.159343 0.344798 -0.37172 0.847082 -0.429245 0.780679 -0.102909 0.570027 0.163613 0.0793168 -0.0191373 -0.779053 -0.261018 -0.236122 -0.288794 0.020736 -0.301 -0.1129 0.221166 19.3701
state69: -0.245321 0.15446 0.749714 0.144929 0.347742 -0.367416 0.850339 -0.396588 0.775759 -0.13501 0.592677 0.150876 0.0683979 0.012643 -0.772455 -0.263176 -0.271743 -0.290646 0.0232216 -0.300094 -0.101315 0.221956 19.3607
state70: -0.251664 0.155167 0.758491 0.130479 0.350601 -0.363022 0.853387 -0.36393 0.770839 -0.167111 0.615326 0.138138 0.0574789 0.0442051 -0.765823 -0.265285 -0.3078 -0.292417 0.0251949 -0.299497 -0.0902508 0.222637 19.3505
state71: -0.258008 0.155875 0.767268 0.115998 0.353374 -0.358539 0.856225 -0.331273 0.765919 -0.199212 0.637976 0.1254 0.04656 0.0755549 -0.759163 -0.267319 -0.344278 -0.294097 0.0266507 -0.299177 -0.0797176 0.223213 19.3397
state72: -0.264351 0.156582 0.776046 0.101488 0.35606 -0.353968 0.858853 -0.298615 0.760999 -0.231313 0.660625 0.112663 0.035641 0.106699 -0.752483 -0.269249 -0.38116 -0.295677 0.0275824 -0.299101 -0.0697274 0.223691 19.3282
state73: -0.270694 0.157289 0.784823 0.0869526 0.358659 -0.34931 0.86127 -0.265958 0.756078 -0.263414 0.683275 0.0999252 0.0247221 0.137642 -0.745788 -0.271043 -0.418429 -0.297146 0.0279825 -0.299239 -0.0602915 0.224077 19.3161
state74: -0.277038 0.157997 0.7936 0.0723962 0.361169 -0.344566 0.863475 -0.2333 0.751158 -0.295515 0.705924 0.0871876 0.0138031 0.168392 -0.739085 -0.272666 -0.456068 -0.298497 0.0278424 -0.299558 -0.051421 0.224376 19.3035
state75: -0.283381 0.158704 0.802378 0.057822 0.363591 -0.339737 0.865469 -0.200642 0.746238 -0.327616 0.728574 0.0744499 0.0028842 0.198953 -0.732382 -0.274077 -0.494062 -0.299721 0.0271527 -0.300027 -0.0431267 0.224595 19.2903
state76: -0.289724 0.159411 0.811155 0.0432337 0.365924 -0.334825 0.86725 -0.167985 0.741318 -0.359717 0.751223 0.0617123 -0.00803475 0.229334 -0.725683 -0.275231 -0.532394 -0.300813 0.0259035 -0.300615 -0.0354189 0.224739 19.2766
state77: -0.296067 0.160119 0.819932 0.0286347 0.368167 -0.329831 0.868818 -0.135327 0.736398 -0.391818 0.773872 0.0489747 -0.0189537 0.259538 -0.718995 -0.276077 -0.571046 -0.301765 0.0240842 -0.301293 -0.0283073 0.224814 19.2622
state78: -0.302411 0.160826 0.828709 0.0140287 0.370319 -0.324756 0.870173 -0.10267 0.731477 -0.423919 0.796522 0.036237 -0.0298727 0.289573 -0.712324 -0.276554 -0.610003 -0.302574 0.021684 -0.302032 -0.021801 0.224826 19.2473
state79: -0.308754 0.161533 0.837487 -0.000580816 0.37238 -0.319601 0.871314 -0.0700125 0.726557 -0.45602 0.819171 0.0234994 -0.0407916 0.319445 -0.705677 -0.276594 -0.649247 -0.303238 0.0186919 -0.302803 -0.0159085 0.224778 19.2317
state80: -0.315097 0.162241 0.846264 -0.0151901 0.37435 -0.314368 0.872241 -0.037355 0.721637 -0.488121 0.841821 0.0107618 -0.0517106 0.349159 -0.699058 -0.276115 -0.688759 -0.303754 0.0150966 -0.303579 -0.0106374 0.224675 19.2154
state81: -0.32144 0.162948 0.855041 -0.0297957 0.376229 -0.309057 0.872954 -0.00469745 0.716717 -0.520222 0.86447 -0.00197588 -0.0626295 0.378722 -0.692474 -0.27502 -0.72852 -0.304124 0.0108872 -0.304334 -0.00599451 0.224522 19.1983
state82: -0.327784 0.163655 0.863819 -0.044394 0.378014 -0.30367 0.873452 0.0279601 0.711797 -0.552323 0.88712 -0.0147135 -0.0735485 0.40814 -0.685929 -0.273194 -0.768511 -0.304351 0.00605283 -0.305044 -0.00198594 0.224319 19.1803
state83: -0.334127 0.164363 0.872596 -0.0589814 0.379707 -0.298209 0.873736 0.0606176 0.706876 -0.584424 0.909769 -0.0274511 -0.0844674 0.437418 -0.67943 -0.270497 -0.808709 -0.30444 0.000582992 -0.305688 0.00138307 0.22407 19.1613
state84: -0.34047 0.16507 0.881373 -0.0735543 0.381307 -0.292675 0.873806 0.0932751 0.701956 -0.616525 0.932419 -0.0401888 -0.0953864 0.466561 -0.672982 -0.266758 -0.849091 -0.304399 -0.00553226 -0.306244 0.00410804 0.223775 19.1409
state85: -0.346814 0.165777 0.89015 -0.0881091 0.382813 -0.287069 0.873661 0.125933 0.697036 -0.648626 0.955068 -0.0529264 -0.106305 0.495576 -0.66659 -0.261767 -0.889631 -0.304236 -0.0123023 -0.306694 0.00618522 0.223433 19.1191
state86: -0.353157 0.166485 0.898928 -0.102642 0.384225 -0.281392 0.873301 0.15859 0.692116 -0.680727 0.977718 -0.065664 -0.117224 0.524468 -0.66026 -0.255258 -0.930297 -0.303965 -0.0197357 -0.307022 0.00761152 0.223041 19.0954
state87: -0.3595 0.167192 0.907705 -0.11715 0.385542 -0.275646 0.872727 0.191248 0.687196 -0.712828 1.00037 -0.0784017 -0.128143 0.553242 -0.653995 -0.246896 -0.971053 -0.303601 -0.0278402 -0.307214 0.00838448 0.222597 19.0695
state88: -0.365843 0.167899 0.916482 -0.13163 0.386765 -0.269833 0.871938 0.223905 0.682275 -0.744929 1.02302 -0.0911393 -0.139062 0.581903 -0.647802 -0.236245 -1.01186 -0.303161 -0.0366226 -0.30726 0.00850215 0.222096 19.0408
state89: -0.372187 0.168606 0.92526 -0.146076 0.387893 -0.263953 0.870936 0.256563 0.677355 -0.77703 1.04567 -0.103877 -0.149981 0.610457 -0.641684 -0.22274 -1.05266 -0.302667 -0.0460884 -0.30715 0.00796305 0.221529 19.0087
state90: -0.37853 0.169314 0.934037 -0.160487 0.388926 -0.258009 0.869719 0.28922 0.672435 -0.809131 1.06832 -0.116615 -0.1609 0.638908 -0.635647 -0.205623 -1.09338 -0.30214 -0.056242 -0.30688 0.00676604 0.220888 18.9722
state91: -0.384873 0.170021 0.942814 -0.174859 0.389863 -0.252001 0.868289 0.321878 0.667515 -0.841232 1.09096 -0.129352 -0.171819 0.667261 -0.629696 -0.183868 -1.13394 -0.301608 -0.0670865 -0.306447 0.00491026 0.220163 18.9302
state92: -0.391216 0.170728 0.951591 -0.189188 0.390705 -0.245931 0.866646 0.354535 0.662595 -0.873333 1.11361 -0.14209 -0.182738 0.695521 -0.623834 -0.15605 -1.17422 -0.301101 -0.0786233 -0.305851 0.00239502 0.219341 18.8811
state93: -0.39756 0.171436 0.960369 -0.20347 0.39145 -0.239801 0.86479 0.387193 0.657675 -0.905434 1.13626 -0.154827 -0.193657 0.723693 -0.618066 -0.120152 -1.21403 -0.300649 -0.0908524 -0.305095 -0.000780278 0.218405 18.8228
state94: -0.403903 0.172143 0.969146 -0.217702 0.3921 -0.233612 0.862722 0.41985 0.652754 -0.937535 1.15891 -0.167565 -0.204576 0.75178 -0.612396 -0.0732506 -1.25314 -0.30029 -0.103772 -0.304186 -0.00461621 0.217335 18.9503
state95: -0.410246 0.17285 0.977923 -0.231881 0.392653 -0.227366 0.860442 0.452508 0.647834 -0.969636 1.18156 -0.180303 -0.215495 0.779787 -0.60683 -0.0110342 -1.29116 -0.300061 -0.117378 -0.303134 -0.00911339 0.216104 19.129
state96: -0.41659 0.173558 0.986701 -0.246003 0.393109 -0.221063 0.85795 0.485165 0.642914 -1.00174 1.20421 -0.19304 -0.226414 0.807718 -0.601369 0.0729271 -1.32748 -0.300004 -0.131664 -0.301949 -0.0142726 0.214661 19.325
state97: -0.422933 0.174265 0.995478 -0.260064 0.39347 -0.214707 0.855248 0.517823 0.637994 -1.03384 1.22686 -0.205778 -0.237333 0.835577 -0.59602 0.188067 -1.36113 -0.300165 -0.146624 -0.300649 -0.0200947 0.212905 19.5328
state98: -0.429276 0.174972 1.00426 -0.274062 0.393733 -0.208297 0.852336 0.55048 0.633074 -1.06594 1.24951 -0.218516 -0.248252 0.863369 -0.590785 0.347091 -1.3905 -0.300591 -0.162246 -0.299251 -0.0265808 0.210606 19.7328
state99: -0.429276 0.174972 1.00426 -0.274062 0.393733 -0.208297 0.852336 0.55048 0.633074 -1.06594 1.24951 -0.218516 -0.248252 0.863369 -0.590785 0.347091 -1.3905 -0.300591 -0.162246 -0.299251 -0.0265808 0.210606 19.7328
state100: -0.431447 0.182878 0.997186 -0.270121 0.386749 -0.212308 0.855795 0.556792 0.63748 -0.994829 1.24557 -0.226643 -0.221765 0.845957 -0.579085 0.280718 -1.38034 -0.358285 -0.172692 -0.353304 -0.0370998 0.213579 19.7008
state101: -0.433619 0.190784 0.990117 -0.266155 0.379729 -0.2163 0.859175 0.563105 0.641886 -0.92372 1.24162 -0.234771 -0.195278 0.828745 -0.567315 0.220331 -1.36952 -0.416223 -0.182997 -0.407882 -0.045549 0.21641 19.666
state102: -0.43579 0.198689 0.983048 -0.262164 0.372674 -0.220271 0.862476 0.569417 0.646293 -0.852611 1.23768 -0.242898 -0.168791 0.811725 -0.55548 0.165352 -1.35813 -0.474419 -0.193088 -0.462904 -0.0519562 0.219128 19.6299
state103: -0.437961 0.206595 0.975978 -0.258149 0.365585 -0.224222 0.865697 0.575729 0.650699 -0.781502 1.23373 -0.251025 -0.142304 0.79489 -0.543583 0.115211 -1.34624 -0.532883 -0.202888 -0.51829 -0.0563631 0.221756 19.5936
state104: -0.440132 0.214501 0.968909 -0.25411 0.358462 -0.228152 0.868838 0.582041 0.655106 -0.710392 1.22979 -0.259153 -0.115817 0.77823 -0.53163 0.0693728 -1.33391 -0.59162 -0.212321 -0.573957 -0.0588249 0.224313 19.5577
state105: -0.442304 0.222406 0.96184 -0.250048 0.351306 -0.232061 0.871899 0.588354 0.659512 -0.639283 1.22585 -0.26728 -0.0893303 0.76174 -0.519623 0.0273486 -1.3212 -0.650635 -0.221307 -0.629829 -0.0594098 0.226815 19.5223
state106: -0.444475 0.230312 0.954771 -0.245963 0.344117 -0.235949 0.874879 0.594666 0.663918 -0.568174 1.2219 -0.275408 -0.0628434 0.74541 -0.507567 -0.0112987 -1.30814 -0.709927 -0.229765 -0.685832 -0.0581985 0.229272 19.4877
state107: -0.446646 0.238218 0.947702 -0.241854 0.336896 -0.239815 0.877779 0.600978 0.668325 -0.497064 1.21796 -0.283535 -0.0363565 0.729235 -0.495465 -0.0469563 -1.29477 -0.769489 -0.237614 -0.741898 -0.0552834 0.231696 19.4536
state108: -0.448818 0.246124 0.940632 -0.237724 0.329645 -0.243659 0.880597 0.607291 0.672731 -0.425955 1.21401 -0.291663 -0.00986965 0.713205 -0.48332 -0.079964 -1.28113 -0.829309 -0.244773 -0.797968 -0.0507674 0.234093 19.4199
state109: -0.450989 0.254029 0.933563 -0.233572 0.322363 -0.24748 0.883335 0.613603 0.677138 -0.354846 1.21007 -0.29979 0.0166172 0.697316 -0.471137 -0.110619 -1.26724 -0.889369 -0.251159 -0.853992 -0.0447629 0.236473 19.3862
state110: -0.45316 0.261935 0.926494 -0.229398 0.315051 -0.251279 0.88599 0.619915 0.681544 -0.283736 1.20612 -0.307918 0.0431041 0.681559 -0.458919 -0.13918 -1.25313 -0.949646 -0.256694 -0.909928 -0.0373906 0.238841 19.3522
state111: -0.455331 0.269841 0.919425 -0.225203 0.30771 -0.255054 0.888564 0.626227 0.68595 -0.212627 1.20218 -0.316045 0.069591 0.665928 -0.446668 -0.165872 -1.23881 -1.01011 -0.261298 -0.965745 -0.0287781 0.241203 19.3175
state112: -0.457503 0.277746 0.912356 -0.220987 0.300341 -0.258806 0.891056 0.63254 0.690357 -0.141518 1.19824 -0.324173 0.0960779 0.650417 -0.434388 -0.190893 -1.22429 -1.07072 -0.264896 -1.02142 -0.0190584 0.243565 19.2817
state113: -0.459674 0.285652 0.905287 -0.21675 0.292944 -0.262533 0.893465 0.638852 0.694763 -0.0704086 1.19429 -0.3323 0.122565 0.635019 -0.422083 -0.214413 -1.2096 -1.13142 -0.267415 -1.07694 -0.00836928 0.245931 19.2445
state114: -0.461845 0.293558 0.898217 -0.212494 0.28552 -0.266237 0.895792 0.645164 0.69917 0.00070073 1.19035 -0.340427 0.149052 0.619727 -0.409755 -0.236582 -1.19475 -1.19218 -0.268787 -1.1323 0.00314872 0.248307 19.2054
state115: -0.464016 0.301463 0.891148 -0.208218 0.278069 -0.269916 0.898036 0.651476 0.703576 0.07181 1.1864 -0.348555 0.175539 0.604536 -0.397408 -0.257532 -1.17975 -1.25293 -0.268947 -1.1875 0.0153529 0.250697 19.1643
state116: -0.466188 0.309369 0.884079 -0.203923 0.270593 -0.27357 0.900197 0.657789 0.707983 0.142919 1.18246 -0.356682 0.202025 0.589439 -0.385044 -0.277377 -1.1646 -1.3136 -0.267838 -1.24254 0.0280998 0.253106 19.1208
state117: -0.468359 0.317275 0.87701 -0.199609 0.263092 -0.277199 0.902275 0.664101 0.712389 0.214029 1.17852 -0.36481 0.228512 0.574431 -0.372666 -0.296218 -1.14932 -1.37413 -0.265408 -1.29745 0.041246 0.255536 19.0747
state118: -0.47053 0.32518 0.869941 -0.195276 0.255566 -0.280802 0.90427 0.670413 0.716795 0.285138 1.17457 -0.372937 0.254999 0.559506 -0.360278 -0.314145 -1.13391 -1.43445 -0.261612 -1.35223 0.0546493 0.257992 19.0257
state119: -0.472702 0.333086 0.862871 -0.190926 0.248017 -0.284379 0.906181 0.676725 0.721202 0.356247 1.17063 -0.381065 0.281486 0.544658 -0.347881 -0.331236 -1.11837 -1.49447 -0.256412 -1.4069 0.0681695 0.260476 18.9738
state120: -0.474873 0.340992 0.855802 -0.186557 0.240445 -0.28793 0.908008 0.683038 0.725608 0.427356 1.16668 -0.389192 0.307973 0.529881 -0.335479 -0.347561 -1.10272 -1.55412 -0.249778 -1.46147 0.0816693 0.26299 18.9188
state121: -0.477044 0.348897 0.848733 -0.182172 0.232851 -0.291454 0.909752 0.68935 0.730015 0.498466 1.16274 -0.39732 0.33446 0.515171 -0.323075 -0.363182 -1.08696 -1.61333 -0.241689 -1.51598 0.0950148 0.265537 18.8781
state122: -0.479215 0.356803 0.841664 -0.17777 0.225235 -0.294952 0.911411 0.695662 0.734421 0.569575 1.15879 -0.405447 0.360947 0.500521 -0.310671 -0.378155 -1.0711 -1.67201 -0.23213 -1.57041 0.108077 0.268117 18.9113
state123: -0.481387 0.364709 0.834595 -0.173351 0.217599 -0.298422 0.912987 0.701974 0.738827 0.640684 1.15485 -0.413575 0.387434 0.485927 -0.298269 -0.392528 -1.05513 -1.73009 -0.221096 -1.62479 0.120732 0.270732 18.9473
state124: -0.483558 0.372614 0.827525 -0.168917 0.209942 -0.301864 0.914478 0.708287 0.743234 0.711794 1.15091 -0.421702 0.413921 0.471383 -0.285873 -0.406346 -1.03906 -1.7875 -0.208588 -1.67912 0.132861 0.273382 18.986
state125: -0.485729 0.38052 0.820456 -0.164466 0.202266 -0.305279 0.915884 0.714599 0.74764 0.782903 1.14696 -0.429829 0.440407 0.456885 -0.273485 -0.419648 -1.0229 -1.84418 -0.194617 -1.7334 0.144353 0.276066 19.0274
state126: -0.4879 0.388426 0.813387 -0.160001 0.194572 -0.308666 0.917206 0.720911 0.752047 0.854012 1.14302 -0.437957 0.466894 0.442428 -0.261108 -0.432471 -1.00665 -1.90006 -0.1792 -1.78762 0.155104 0.278784 19.0714
state127: -0.4879 0.388426 0.813387 -0.160001 0.194572 -0.308666 0.917206 0.720911 0.752047 0.854012 1.14302 -0.437957 0.466894 0.442428 -0.261108 -0.432471 -1.00665 -1.90006 -0.1792 -1.78762 0.155104 0.278784 19.0714
state128: -0.499492 0.376324 0.813605 -0.158856 0.190738 -0.311082 0.917394 0.680283 0.766141 0.876391 1.13 -0.382815 0.46684 0.437545 -0.253847 -0.401326 -0.965718 -1.87837 -0.196535 -1.77739 0.160581 0.290029 19.1731
state129: -0.511084 0.364223 0.813822 -0.157708 0.186901 -0.313492 0.917561 0.639655 0.780235 0.89877 1.11697 -0.327672 0.466787 0.432654 -0.246597 -0.371562 -0.925185 -1.85727 -0.215671 -1.76708 0.162115 0.301253 19.2664
state130: -0.522676 0.352121 0.814039 -0.156557 0.183059 -0.315895 0.917709 0.599028 0.794328 0.921149 1.10395 -0.27253 0.466733 0.427755 -0.239358 -0.342794 -0.885098 -1.83681 -0.236591 -1.75728 0.1597 0.312398 19.3531
state131: -0.534268 0.34002 0.814257 -0.155402 0.179214 -0.318291 0.917836 0.5584 0.808422 0.943528 1.09093 -0.217388 0.466679 0.422847 -0.23213 -0.314724 -0.845499 -1.81705 -0.259276 -1.74859 0.153404 0.323409 19.4352
state132: -0.545859 0.327918 0.814474 -0.154244 0.175364 -0.32068 0.917944 0.517772 0.822516 0.965906 1.07791 -0.162245 0.466625 0.417929 -0.224914 -0.287115 -0.806427 -1.79804 -0.283701 -1.7416 0.143373 0.334235 19.5142
state133: -0.557451 0.315817 0.814691 -0.153082 0.171511 -0.323062 0.918031 0.477144 0.83661 0.988285 1.06488 -0.107103 0.466571 0.413001 -0.21771 -0.259777 -0.767919 -1.77982 -0.309835 -1.73685 0.129827 0.344832 19.5915
state134: -0.569043 0.303715 0.814909 -0.151917 0.167654 -0.325437 0.918098 0.436516 0.850704 1.01066 1.05186 -0.0519607 0.466517 0.408063 -0.210517 -0.232553 -0.73001 -1.76244 -0.337643 -1.73485 0.113051 0.355158 19.6685
state135: -0.580635 0.291614 0.815126 -0.150749 0.163793 -0.327805 0.918145 0.395888 0.864798 1.03304 1.03884 0.0031816 0.466463 0.403114 -0.203337 -0.205312 -0.692736 -1.74594 -0.367088 -1.73605 0.093389 0.365176 19.7461
state136: -0.592226 0.279512 0.815344 -0.149577 0.159929 -0.330166 0.918172 0.35526 0.878892 1.05542 1.02582 0.0583239 0.466409 0.398154 -0.196169 -0.177945 -0.656132 -1.73036 -0.398129 -1.74085 0.0712363 0.374856 19.8255
state137: -0.603818 0.267411 0.815561 -0.148402 0.156061 -0.33252 0.918179 0.314633 0.892986 1.0778 1.01279 0.113466 0.466355 0.393183 -0.189013 -0.150359 -0.620234 -1.71574 -0.430721 -1.74961 0.0470313 0.384171 19.9077
state138: -0.61541 0.255309 0.815778 -0.147224 0.152189 -0.334866 0.918166 0.274005 0.90708 1.10018 0.999772 0.168609 0.466302 0.388199 -0.18187 -0.122473 -0.585076 -1.70211 -0.464818 -1.76262 0.0212469 0.393101 19.9937
state139: -0.627002 0.243207 0.815996 -0.146043 0.148315 -0.337205 0.918132 0.233377 0.921174 1.12256 0.98675 0.223751 0.466248 0.383202 -0.17474 -0.0942183 -0.550693 -1.68951 -0.500373 -1.7801 -0.00561631 0.40163 20.0846
state140: -0.638593 0.231106 0.816213 -0.144859 0.144437 -0.339536 0.918079 0.192749 0.935268 1.14494 0.973727 0.278893 0.466194 0.378193 -0.167623 -0.0655338 -0.517122 -1.67798 -0.537337 -1.80225 -0.0330376 0.409749 20.1817
state141: -0.650185 0.219004 0.81643 -0.143671 0.140556 -0.34186 0.918006 0.152121 0.949362 1.16732 0.960705 0.334035 0.46614 0.37317 -0.16052 -0.0363665 -0.484398 -1.66758 -0.57566 -1.82919 -0.0604821 0.417452 20.2863
state142: -0.661777 0.206903 0.816648 -0.14248 0.136672 -0.344177 0.917912 0.111493 0.963456 1.18969 0.947683 0.389178 0.466086 0.368133 -0.15343 -0.00667045 -0.452558 -1.65835 -0.615289 -1.86101 -0.087407 0.424737 20.4004
state143: -0.673369 0.194801 0.816865 -0.141286 0.132785 -0.346486 0.917798 0.0708654 0.97755 1.21207 0.93466 0.44432 0.466032 0.363082 -0.146354 0.0235948 -0.421638 -1.65035 -0.656175 -1.89774 -0.113269 0.431601 20.5258
state144: -0.68496 0.1827 0.817083 -0.140089 0.128895 -0.348788 0.917665 0.0302376 0.991644 1.23445 0.921638 0.499462 0.465978 0.358016 -0.139292 0.0544643 -0.391674 -1.64365 -0.698265 -1.93934 -0.137531 0.438028 20.6653
state145: -0.696552 0.170598 0.8173 -0.138889 0.125002 -0.351082 0.917511 -0.0103903 1.00574 1.25683 0.908616 0.554605 0.465924 0.352935 -0.132244 0.0859676 -0.362703 -1.63836 -0.741505 -1.98572 -0.159672 0.443242 20.8219
state146: -0.708144 0.158497 0.817517 -0.137686 0.121106 -0.353368 0.917337 -0.0510181 1.01983 1.27921 0.895593 0.609747 0.46587 0.347839 -0.12521 0.11813 -0.33476 -1.63458 -0.785843 -2.03671 -0.179197 0.423339 20.9997
state147: -0.719736 0.146395 0.817735 -0.136479 0.117208 -0.355646 0.917143 -0.091646 1.03393 1.30159 0.882571 0.664889 0.465816 0.342726 -0.118191 0.150972 -0.307882 -1.63248 -0.831225 -2.09208 -0.19565 0.398981 21.2038
state148: -0.731327 0.134294 0.817952 -0.13527 0.113307 -0.357917 0.916929 -0.132274 1.04802 1.32397 0.869549 0.720032 0.465763 0.337597 -0.111187 0.184509 -0.282103 -1.63226 -0.877593 -2.15151 -0.208624 0.373651 21.4406
state149: -0.742919 0.122192 0.818169 -0.134058 0.109404 -0.36018 0.916695 -0.172902 1.06211 1.34635 0.856526 0.775174 0.465709 0.332452 -0.104199 0.218752 -0.257458 -1.63419 -0.924891 -2.21464 -0.217781 0.347542 21.7185
state150: -0.754511 0.110091 0.818387 -0.132843 0.105498 -0.362435 0.916441 -0.21353 1.07621 1.36873 0.843504 0.830316 0.465655 0.327289 -0.0972254 0.253709 -0.233977 -1.63864 -0.973055 -2.28104 -0.222857 0.32085 22.0483
state151: -0.766103 0.0979892 0.818604 -0.131625 0.101591 -0.364682 0.916167 -0.254157 1.0903 1.3911 0.830482 0.885459 0.465601 0.322108 -0.0902676 0.289381 -0.211694 -1.64613 -1.02202 -2.35024 -0.22368 0.2938 22.4436
state152: -0.777694 0.0858877 0.818822 -0.130404 0.0976804 -0.366921 0.915872 -0.294785 1.1044 1.41348 0.817459 0.940601 0.465547 0.316909 -0.0833257 0.325768 -0.190635 -1.65741 -1.0717 -2.42175 -0.220174 0.266647 22.9222
state153: -0.789286 0.0737861 0.819039 -0.129181 0.0937681 -0.369152 0.915558 -0.335413 1.11849 1.43586 0.804437 0.995743 0.465493 0.311691 -0.0764 0.362861 -0.170829 -1.67358 -1.122 -2.49511 -0.212368 0.239687 23.5055
state154: -0.800878 0.0616846 0.819256 -0.127954 0.0898537 -0.371375 0.915224 -0.376041 1.13258 1.45824 0.791415 1.05089 0.465439 0.306455 -0.0694905 0.40065 -0.152298 -1.69633 -1.17281 -2.56987 -0.200389 0.213255 24.2186
state155: -0.800878 0.0616846 0.819256 -0.127954 0.0898537 -0.371375 0.915224 -0.376041 1.13258 1.45824 0.791415 1.05089 0.465439 0.306455 -0.0694905 0.40065 -0.152298 -1.69633 -1.17281 -2.56987 -0.200389 0.213255 24.2186
state156: -0.798782 0.0648634 0.819386 -0.121149 0.0763313 -0.374792 0.915984 -0.348193 1.08596 1.44595 0.798843 1.04651 0.442494 0.283268 -0.0490448 0.391315 -0.116226 -1.57262 -1.16049 -2.53017 -0.245928 0.224817 23.9755
state157: -0.796686 0.0680421 0.819517 -0.114315 0.0627905 -0.378118 0.916524 -0.320345 1.03934 1.43365 0.806271 1.04214 0.419548 0.260057 -0.0286526 0.379296 -0.0812919 -1.45994 -1.1406 -2.48945 -0.290257 0.235252 23.7261
state158: -0.794589 0.0712208 0.819647 -0.107454 0.0492345 -0.381353 0.916842 -0.292496 0.992718 1.42136 0.813699 1.03777 0.396602 0.236803 -0.00832518 0.364686 -0.0476912 -1.36105 -1.11426 -2.4476 -0.333184 0.244765 23.4752
state159: -0.792493 0.0743996 0.819777 -0.100566 0.0356667 -0.384496 0.916939 -0.264648 0.946096 1.40907 0.821127 1.0334 0.373656 0.213486 0.0119264 0.347576 -0.0156144 -1.27666 -1.08264 -2.4045 -0.374506 0.253535 23.2302
state160: -0.790397 0.0775783 0.819907 -0.0936542 0.0220902 -0.387546 0.916815 -0.2368 0.899475 1.39677 0.828556 1.02903 0.350711 0.190089 0.0320909 0.328063 0.0147522 -1.20613 -1.04687 -2.36007 -0.414017 0.261689 22.9968
state161: -0.788301 0.0807571 0.820037 -0.0867197 0.00850837 -0.390502 0.916469 -0.208952 0.852853 1.38448 0.835984 1.02466 0.327765 0.166592 0.0521568 0.306252 0.0432275 -1.14807 -1.00791 -2.31422 -0.451504 0.269308 22.7786
state162: -0.786205 0.0839358 0.820167 -0.0797643 -0.0050755 -0.393364 0.915902 -0.181103 0.806231 1.37219 0.843412 1.02029 0.304819 0.142976 0.0721127 0.282259 0.0696369 -1.10089 -0.966564 -2.26694 -0.486755 0.276446 22.5769
state163: -0.784108 0.0871146 0.820297 -0.0727896 -0.0186581 -0.396132 0.915114 -0.153255 0.75961 1.35989 0.85084 1.01592 0.281874 0.119224 0.0919467 0.256215 0.0938139 -1.06302 -0.923497 -2.21823 -0.51956 0.283136 22.3912
state164: -0.782012 0.0902933 0.820428 -0.0657974 -0.0322363 -0.398803 0.914105 -0.125407 0.712988 1.3476 0.858268 1.01155 0.258928 0.0953163 0.111647 0.228267 0.115602 -1.03305 -0.879237 -2.16817 -0.549717 0.289402 22.2204
state165: -0.779916 0.0934721 0.820558 -0.0587893 -0.0458066 -0.401379 0.912875 -0.0975586 0.666366 1.33531 0.865696 1.00718 0.235982 0.0712348 0.131201 0.198584 0.134856 -1.0098 -0.834218 -2.11689 -0.577039 0.295262 22.063
state166: -0.77782 0.0966508 0.820688 -0.0517669 -0.0593659 -0.403857 0.911425 -0.0697104 0.619745 1.32301 0.873125 1.00281 0.213037 0.0469612 0.150597 0.167351 0.151447 -0.992276 -0.788791 -2.06459 -0.601363 0.30073 21.917
state167: -0.775724 0.0998296 0.820818 -0.0447321 -0.0729109 -0.406238 0.909755 -0.0418621 0.573123 1.31072 0.880553 0.998439 0.190091 0.0224774 0.169821 0.134777 0.165264 -0.979656 -0.743254 -2.01157 -0.622556 0.305816 21.7809
state168: -0.773627 0.103008 0.820948 -0.0376865 -0.0864383 -0.408521 0.907865 -0.0140139 0.526501 1.29843 0.887981 0.994068 0.167145 -0.00223488 0.188861 0.101086 0.176212 -0.97128 -0.697854 -1.95819 -0.640522 0.310532 21.653
state169: -0.771531 0.106187 0.821078 -0.0306318 -0.0999448 -0.410705 0.905756 0.0138344 0.47988 1.28613 0.895409 0.989698 0.1442 -0.0271935 0.207703 0.0665194 0.184224 -0.96661 -0.652807 -1.90486 -0.655212 0.314886 21.532
state170: -0.769435 0.109366 0.821208 -0.0235697 -0.113427 -0.41279 0.903428 0.0416826 0.433258 1.27384 0.902837 0.985327 0.121254 -0.0524164 0.226333 0.031331 0.189251 -0.965207 -0.608301 -1.85208 -0.66663 0.318888 21.4167
state171: -0.767339 0.112545 0.821339 -0.0165019 -0.126882 -0.414776 0.900883 0.0695308 0.386636 1.26155 0.910266 0.980957 0.0983084 -0.0779211 0.244737 -0.00421932 0.191275 -0.966713 -0.564505 -1.80036 -0.674835 0.322546 21.3061
state172: -0.765243 0.115723 0.821469 -0.00943012 -0.140306 -0.416661 0.89812 0.0973791 0.340014 1.24925 0.917694 0.976586 0.0753627 -0.103725 0.2629 -0.0398698 0.1903 -0.970835 -0.521572 -1.75022 -0.679942 0.325872 21.1995
state173: -0.763147 0.118902 0.821599 -0.00235606 -0.153697 -0.418446 0.89514 0.125227 0.293393 1.23696 0.925122 0.972215 0.052417 -0.129846 0.280808 -0.0753632 0.186356 -0.977331 -0.479642 -1.70216 -0.68212 0.328877 21.0963
state174: -0.76105 0.122081 0.821729 0.00471856 -0.16705 -0.420129 0.891944 0.153076 0.246771 1.22467 0.93255 0.967845 0.0294713 -0.1563 0.298445 -0.110452 0.179498 -0.985998 -0.438846 -1.65665 -0.681587 0.331576 21.0661
state175: -0.758954 0.12526 0.821859 0.011792 -0.180363 -0.421712 0.888532 0.180924 0.200149 1.21237 0.939978 0.963474 0.00652565 -0.183103 0.315794 -0.144904 0.169805 -0.996664 -0.399307 -1.61411 -0.678602 0.333981 21.0724
state176: -0.756858 0.128438 0.821989 0.0188627 -0.193633 -0.423192 0.884906 0.208772 0.153528 1.20008 0.947407 0.959104 -0.01642 -0.210273 0.33284 -0.178507 0.157375 -1.00918 -0.36114 -1.57486 -0.673456 0.33611 21.0703
state177: -0.754762 0.131617 0.822119 0.0259288 -0.206856 -0.42457 0.881067 0.23662 0.106906 1.18779 0.954835 0.954733 -0.0393657 -0.237823 0.349566 -0.211071 0.142323 -1.02342 -0.324455 -1.53917 -0.666461 0.337978 21.0602
state178: -0.752666 0.134796 0.82225 0.0329886 -0.220028 -0.425846 0.877014 0.264469 0.0602843 1.17549 0.962263 0.950363 -0.0623114 -0.265769 0.365954 -0.242428 0.124781 -1.03927 -0.289356 -1.50722 -0.657946 0.339602 21.0429
state179: -0.750569 0.137975 0.82238 0.0400405 -0.233148 -0.427019 0.87275 0.292317 0.0136626 1.1632 0.969691 0.945992 -0.0852571 -0.294125 0.381986 -0.272439 0.104891 -1.05661 -0.255941 -1.47911 -0.64824 0.340998 21.0191
state180: -0.748473 0.141153 0.82251 0.0470827 -0.246212 -0.428089 0.868276 0.320165 -0.0329591 1.15091 0.977119 0.941622 -0.108203 -0.322903 0.397645 -0.300988 0.0828022 -1.07534 -0.224303 -1.45487 -0.637672 0.342184 20.9893
state181: -0.746377 0.144332 0.82264 0.0541135 -0.259216 -0.429056 0.863591 0.348013 -0.0795808 1.13861 0.984548 0.937251 -0.131148 -0.352116 0.412911 -0.327982 0.0586723 -1.09536 -0.194528 -1.43449 -0.626558 0.343176 20.9543
state182: -0.744281 0.147511 0.82277 0.0611313 -0.272157 -0.429919 0.858699 0.375862 -0.126202 1.12632 0.991976 0.93288 -0.154094 -0.381774 0.427766 -0.35335 0.0326601 -1.11657 -0.166694 -1.41789 -0.615204 0.343993 20.9147
state183: -0.742185 0.150689 0.8229 0.0681343 -0.285033 -0.430678 0.853599 0.40371 -0.172824 1.11403 0.999404 0.92851 -0.17704 -0.411887 0.442189 -0.377039 0.00492564 -1.13886 -0.140873 -1.40498 -0.603896 0.344653 20.871
state184: -0.740088 0.153868 0.82303 0.0751208 -0.29784 -0.431333 0.848292 0.431558 -0.219446 1.10173 1.00683 0.924139 -0.199985 -0.442461 0.456162 -0.399014 -0.0243722 -1.16211 -0.117128 -1.39562 -0.592901 0.345174 20.8238
state185: -0.737992 0.157047 0.823161 0.0820892 -0.310575 -0.431884 0.842782 0.459406 -0.266068 1.08944 1.01426 0.919769 -0.222931 -0.473504 0.469664 -0.419251 -0.0550773 -1.18623 -0.0955112 -1.38965 -0.582463 0.345577 20.7737
state186: -0.735896 0.160226 0.823291 0.0890379 -0.323235 -0.432331 0.837067 0.487254 -0.312689 1.07715 1.02169 0.915398 -0.245877 -0.505019 0.482675 -0.437737 -0.0870369 -1.21108 -0.076067 -1.3869 -0.572806 0.345882 20.7212
state187: -0.7338 0.163404 0.823421 0.095965 -0.335817 -0.432674 0.831151 0.515103 -0.359311 1.06485 1.02912 0.911028 -0.268822 -0.537008 0.495175 -0.454468 -0.120103 -1.23654 -0.0588269 -1.3872 -0.564128 0.346111 20.6667
state188: -0.731704 0.166583 0.823551 0.102869 -0.348317 -0.432912 0.825034 0.542951 -0.405933 1.05256 1.03654 0.906657 -0.291768 -0.56947 0.507142 -0.469444 -0.154133 -1.26248 -0.0438112 -1.39035 -0.556607 0.346286 20.6106
state189: -0.729608 0.169762 0.823681 0.109748 -0.360734 -0.433045 0.818717 0.570799 -0.452554 1.04027 1.04397 0.902287 -0.314714 -0.602404 0.518557 -0.482666 -0.188989 -1.28877 -0.0310276 -1.39619 -0.550395 0.346429 20.5535
state190: -0.727511 0.172941 0.823811 0.116601 -0.373064 -0.433074 0.812203 0.598647 -0.499176 1.02797 1.0514 0.897916 -0.33766 -0.635803 0.529399 -0.494139 -0.22454 -1.31528 -0.0204714 -1.40452 -0.545623 0.346564 20.4955
state191: -0.725415 0.176119 0.823941 0.123425 -0.385304 -0.432999 0.805493 0.626496 -0.545798 1.01568 1.05883 0.893545 -0.360605 -0.669659 0.539647 -0.503865 -0.260657 -1.34185 -0.0121247 -1.41516 -0.542401 0.346713 20.437
state192: -0.723319 0.179298 0.824072 0.13022 -0.39745 -0.432818 0.798589 0.654344 -0.592419 1.00339 1.06626 0.889175 -0.383551 -0.70396 0.549283 -0.511842 -0.297221 -1.36836 -0.00595692 -1.42794 -0.540815 0.346899 20.3782
state193: -0.723319 0.179298 0.824072 0.13022 -0.39745 -0.432818 0.798589 0.654344 -0.592419 1.00339 1.06626 0.889175 -0.383551 -0.70396 0.549283 -0.511842 -0.297221 -1.36836 -0.00595692 -1.42794 -0.540815 0.346899 20.3782
state194: -0.702649 0.176464 0.814454 0.127269 -0.395021 -0.431273 0.801102 0.634448 -0.540839 0.995402 1.04335 0.902546 -0.33851 -0.693266 0.550517 -0.523546 -0.255066 -1.32395 -0.00496077 -1.39896 -0.530328 0.346413 20.4579
state195: -0.68198 0.173629 0.804836 0.124316 -0.392582 -0.429718 0.803597 0.614552 -0.489259 0.987419 1.02044 0.915918 -0.293469 -0.682552 0.551673 -0.532582 -0.212421 -1.27873 -0.00526462 -1.37199 -0.522086 0.345794 20.5385
state196: -0.66131 0.170795 0.795218 0.12136 -0.390134 -0.428152 0.806073 0.594656 -0.437678 0.979435 0.997534 0.929289 -0.248428 -0.671819 0.552751 -0.539025 -0.169424 -1.23277 -0.00681112 -1.34706 -0.516043 0.345029 20.6199
state197: -0.640641 0.167961 0.7856 0.118401 -0.387677 -0.426577 0.80853 0.574761 -0.386098 0.971451 0.974626 0.942661 -0.203387 -0.661069 0.553751 -0.542931 -0.126209 -1.18616 -0.0095359 -1.32422 -0.512135 0.344103 20.7022
state198: -0.619971 0.165126 0.775982 0.115439 -0.38521 -0.424992 0.810968 0.554865 -0.334517 0.963468 0.951719 0.956032 -0.158346 -0.650303 0.554672 -0.544341 -0.0829078 -1.13895 -0.0133686 -1.30352 -0.510279 0.343005 20.7855
state199: -0.599301 0.162292 0.766364 0.112475 -0.382735 -0.423397 0.813387 0.534969 -0.282937 0.955484 0.928811 0.969403 -0.113305 -0.639522 0.555515 -0.54328 -0.0396491 -1.0912 -0.0182336 -1.285 -0.510375 0.341723 20.8696
state200: -0.578632 0.159457 0.756746 0.109508 -0.380251 -0.421791 0.815787 0.515073 -0.231356 0.9475 0.905903 0.982775 -0.0682642 -0.628728 0.556278 -0.539757 0.003437 -1.04296 -0.0240513 -1.26873 -0.512309 0.340249 20.9546
state201: -0.557962 0.156623 0.747128 0.106538 -0.377758 -0.420177 0.818169 0.495177 -0.179776 0.939516 0.882995 0.996146 -0.0232233 -0.617921 0.556962 -0.533765 0.0462188 -0.994293 -0.030739 -1.25476 -0.515953 0.338573 21.0404
state202: -0.537293 0.153789 0.73751 0.103566 -0.375256 -0.418552 0.820531 0.475282 -0.128195 0.931533 0.860087 1.00952 0.0218177 -0.607103 0.557567 -0.525284 0.0885615 -0.945229 -0.0382116 -1.24313 -0.52117 0.336689 21.1268
state203: -0.516623 0.150954 0.727891 0.100592 -0.372746 -0.416917 0.822874 0.455386 -0.0766148 0.923549 0.837179 1.02289 0.0668586 -0.596276 0.558092 -0.514278 0.130325 -0.89581 -0.0463832 -1.2339 -0.527813 0.334593 21.2137
state204: -0.495953 0.14812 0.718273 0.0976149 -0.370227 -0.415273 0.825198 0.43549 -0.0250344 0.915565 0.814272 1.03626 0.1119 -0.585441 0.558538 -0.500702 0.171364 -0.846065 -0.0551676 -1.22709 -0.535729 0.332282 21.301
state205: -0.475284 0.145285 0.708655 0.0946358 -0.367699 -0.413619 0.827503 0.415594 0.0265461 0.907582 0.791364 1.04963 0.156941 -0.574598 0.558904 -0.4845 0.211524 -0.796025 -0.0644793 -1.22275 -0.544757 0.329755 21.3883
state206: -0.454614 0.142451 0.699037 0.0916545 -0.365162 -0.411956 0.829788 0.395698 0.0781265 0.899598 0.768456 1.063 0.201982 -0.56375 0.55919 -0.465609 0.250644 -0.745715 -0.0742344 -1.22088 -0.554738 0.327013 21.4754
state207: -0.433945 0.139617 0.689419 0.088671 -0.362617 -0.410283 0.832054 0.375803 0.129707 0.891614 0.745548 1.07637 0.247022 -0.552898 0.559396 -0.443961 0.288549 -0.695156 -0.0843515 -1.2215 -0.565507 0.32406 21.5618
state208: -0.413275 0.136782 0.679801 0.0856855 -0.360064 -0.4086 0.834301 0.355907 0.181287 0.883631 0.72264 1.08975 0.292063 -0.542044 0.559522 -0.419489 0.325057 -0.644369 -0.0947525 -1.22461 -0.576901 0.320902 21.6472
state209: -0.392606 0.133948 0.670183 0.082698 -0.357502 -0.406908 0.836528 0.336011 0.232868 0.875647 0.699732 1.10312 0.337104 -0.531187 0.559568 -0.392131 0.359974 -0.593374 -0.105363 -1.2302 -0.58876 0.317546 21.7311
state210: -0.371936 0.131113 0.660565 0.0797085 -0.354932 -0.405206 0.838736 0.316115 0.284448 0.867663 0.676825 1.11649 0.382145 -0.520331 0.559535 -0.36184 0.393094 -0.542189 -0.116113 -1.23824 -0.600926 0.314003 21.8128
state211: -0.351266 0.128279 0.650947 0.0767172 -0.352354 -0.403495 0.840924 0.296219 0.336029 0.859679 0.653917 1.12986 0.427186 -0.509475 0.559421 -0.328586 0.4242 -0.490834 -0.126939 -1.24869 -0.613246 0.310284 21.8918
state212: -0.330597 0.125445 0.641329 0.0737241 -0.349767 -0.401775 0.843092 0.276323 0.387609 0.851696 0.631009 1.14323 0.472227 -0.498623 0.559227 -0.292369 0.453067 -0.439327 -0.137782 -1.26151 -0.625574 0.306406 21.9673
state213: -0.309927 0.12261 0.631711 0.0707293 -0.347173 -0.400045 0.845241 0.256428 0.43919 0.843712 0.608101 1.1566 0.517268 -0.487774 0.558954 -0.253229 0.479465 -0.387688 -0.148588 -1.27662 -0.637771 0.302383 22.0386
state214: -0.289258 0.119776 0.622093 0.0677328 -0.34457 -0.398305 0.847371 0.236532 0.49077 0.835728 0.585193 1.16997 0.562309 -0.476931 0.5586 -0.211254 0.503159 -0.33594 -0.159312 -1.29395 -0.649706 0.298236 22.1051
state215: -0.268588 0.116942 0.612475 0.0647348 -0.341959 -0.396557 0.84948 0.216636 0.542351 0.827745 0.562285 1.18335 0.60735 -0.466094 0.558167 -0.166591 0.52392 -0.284106 -0.169914 -1.31341 -0.661257 0.293986 22.1659
state216: -0.247918 0.114107 0.602857 0.0617352 -0.33934 -0.394799 0.85157 0.19674 0.593931 0.819761 0.539378 1.19672 0.652391 -0.455266 0.557654 -0.119455 0.541525 -0.23221 -0.180363 -1.33489 -0.672315 0.289654 22.2205
state217: -0.227249 0.111273 0.593239 0.0587342 -0.336713 -0.393032 0.853639 0.176844 0.645512 0.811777 0.51647 1.21009 0.697432 -0.444447 0.557062 -0.0701282 0.555769 -0.18028 -0.190634 -1.35828 -0.682778 0.285266 22.2682
state218: -0.206579 0.108438 0.583621 0.0557319 -0.334079 -0.391256 0.855689 0.156949 0.697092 0.803793 0.493562 1.22346 0.742473 -0.433638 0.55639 -0.018966 0.566471 -0.128345 -0.200709 -1.38343 -0.692559 0.280847 22.3087
state219: -0.18591 0.105604 0.574003 0.0527282 -0.331436 -0.389471 0.857719 0.137053 0.748673 0.79581 0.470654 1.23683 0.787514 -0.422842 0.555639 0.0336137 0.573482 -0.0764363 -0.210578 -1.4102 -0.701581 0.276423 22.3418
state220: -0.16524 0.10277 0.564385 0.0497233 -0.328786 -0.387676 0.859729 0.117157 0.800253 0.787826 0.447746 1.2502 0.832555 -0.412059 0.554809 0.0871401 0.576692 -0.024587 -0.220239 -1.43845 -0.709783 0.272022 22.3739
state221: -0.14457 0.0999351 0.554767 0.0467172 -0.326128 -0.385873 0.861719 0.0972611 0.851833 0.779842 0.424838 1.26357 0.877596 -0.40129 0.5539 0.141108 0.576033 0.0271682 -0.229697 -1.468 -0.717112 0.267672 22.5344
state222: -0.123901 0.0971008 0.545149 0.0437101 -0.323463 -0.384061 0.863689 0.0773653 0.903414 0.771859 0.401931 1.27695 0.922637 -0.390537 0.552913 0.194998 0.571486 0.0787931 -0.238964 -1.4987 -0.72353 0.263402 22.6988
state223: -0.123901 0.0971008 0.545149 0.0437101 -0.323463 -0.384061 0.863689 0.0773653 0.903414 0.771859 0.401931 1.27695 0.922637 -0.390537 0.552913 0.194998 0.571486 0.0787931 -0.238964 -1.4987 -0.72353 0.263402 22.6988
state224: -0.120257 0.0942448 0.555586 0.0425412 -0.314812 -0.37379 0.871415 0.0750898 0.923019 0.749157 0.436286 1.23939 0.941677 -0.369902 0.543181 0.208385 0.548804 0.0837976 -0.24604 -1.45982 -0.707628 0.27059 22.6492
state225: -0.116613 0.0913889 0.566023 0.0413619 -0.306086 -0.363428 0.878931 0.0728144 0.942625 0.726455 0.470641 1.20183 0.960717 -0.34979 0.532853 0.220099 0.525889 0.0871332 -0.253544 -1.4227 -0.689565 0.278174 22.5942
state226: -0.112968 0.088533 0.57646 0.0401727 -0.297286 -0.352979 0.886235 0.0705389 0.96223 0.703754 0.504996 1.16427 0.979757 -0.330219 0.521948 0.230205 0.502814 0.0887786 -0.261279 -1.38712 -0.669422 0.286135 22.5347
state227: -0.109324 0.0856771 0.586896 0.0389738 -0.288414 -0.342445 0.893325 0.0682635 0.981836 0.681052 0.539351 1.12672 0.998797 -0.311202 0.510486 0.238765 0.479645 0.0887333 -0.269044 -1.35282 -0.647281 0.294445 22.4714
state228: -0.10568 0.0828212 0.597333 0.0377655 -0.279472 -0.331828 0.9002 0.065988 1.00144 0.65835 0.573706 1.08916 1.01784 -0.292749 0.498487 0.24584 0.45645 0.0870182 -0.276638 -1.31954 -0.62323 0.303075 22.4052
state229: -0.102036 0.0799653 0.60777 0.0365481 -0.270463 -0.321131 0.906857 0.0637126 1.02105 0.635648 0.608061 1.0516 1.03688 -0.274869 0.485972 0.251486 0.43329 0.0836768 -0.283862 -1.28702 -0.597366 0.311989 22.3369
state230: -0.0983919 0.0771094 0.618207 0.0353218 -0.261388 -0.310357 0.913295 0.0614371 1.04065 0.612947 0.642415 1.01404 1.05592 -0.257567 0.472961 0.255757 0.410226 0.0787764 -0.290521 -1.25497 -0.569797 0.321148 22.267
state231: -0.0947477 0.0742535 0.628644 0.0340871 -0.252251 -0.299507 0.919512 0.0591617 1.06026 0.590245 0.67677 0.976488 1.07496 -0.240849 0.459474 0.258704 0.387314 0.0724081 -0.296425 -1.22315 -0.540641 0.33051 22.1962
state232: -0.0911036 0.0713976 0.63908 0.0328441 -0.243052 -0.288586 0.925508 0.0568862 1.07986 0.567543 0.711125 0.938931 1.094 -0.224716 0.445531 0.260375 0.36461 0.0646876 -0.301395 -1.19129 -0.510036 0.340028 22.125
state233: -0.0874594 0.0685417 0.649517 0.0315931 -0.233795 -0.277594 0.93128 0.0546108 1.09947 0.544841 0.74548 0.901373 1.11304 -0.209169 0.431152 0.260814 0.342168 0.0557543 -0.305263 -1.15915 -0.478132 0.349651 22.0537
state234: -0.0838153 0.0656858 0.659954 0.0303346 -0.224481 -0.266536 0.936828 0.0523353 1.11907 0.52214 0.779835 0.863816 1.13208 -0.194207 0.416356 0.260065 0.32004 0.0457705 -0.307877 -1.1265 -0.445099 0.35933 21.9827
state235: -0.0801711 0.0628299 0.670391 0.0290687 -0.215114 -0.255413 0.942149 0.0500599 1.13868 0.499438 0.81419 0.826259 1.15112 -0.179828 0.401163 0.258168 0.298276 0.0349198 -0.309099 -1.09311 -0.411126 0.369011 21.9124
state236: -0.076527 0.059974 0.680827 0.0277958 -0.205694 -0.244229 0.947243 0.0477844 1.15829 0.476736 0.848545 0.788702 1.17016 -0.166028 0.385592 0.25516 0.276926 0.0234047 -0.308816 -1.05879 -0.37642 0.378638 21.8429
state237: -0.0728829 0.0571181 0.691264 0.0265162 -0.196225 -0.232986 0.952108 0.045509 1.17789 0.454035 0.8829 0.751144 1.1892 -0.152803 0.36966 0.251079 0.256037 0.0114433 -0.306932 -1.02335 -0.341208 0.388158 21.7744
state238: -0.0692387 0.0542622 0.701701 0.0252302 -0.186708 -0.221686 0.956744 0.0432335 1.1975 0.431333 0.917255 0.713587 1.20824 -0.140149 0.353387 0.245961 0.235658 -0.000733918 -0.303378 -0.986604 -0.305736 0.397516 21.7071
state239: -0.0655946 0.0514063 0.712138 0.0239381 -0.177146 -0.210333 0.961148 0.0409581 1.2171 0.408631 0.95161 0.67603 1.22728 -0.12806 0.336788 0.23984 0.215833 -0.0128886 -0.298109 -0.948403 -0.27027 0.406659 21.641
state240: -0.0619504 0.0485504 0.722575 0.0226402 -0.167542 -0.198929 0.965321 0.0386826 1.23671 0.385929 0.985965 0.638473 1.24632 -0.116529 0.319883 0.232749 0.196609 -0.0247789 -0.291106 -0.908603 -0.235096 0.415536 21.5764
state241: -0.0583063 0.0456945 0.733011 0.0213369 -0.157897 -0.187477 0.96926 0.0364072 1.25631 0.363228 1.02032 0.600916 1.26536 -0.105551 0.302687 0.224723 0.17803 -0.0361634 -0.282378 -0.867079 -0.200517 0.424098 21.5132
state242: -0.0546621 0.0428386 0.743448 0.0200284 -0.148214 -0.17598 0.972966 0.0341317 1.27592 0.340526 1.05468 0.563358 1.2844 -0.0951194 0.285216 0.215795 0.160138 -0.0468059 -0.271957 -0.82373 -0.166855 0.432304 21.4517
state243: -0.051018 0.0399827 0.753885 0.018715 -0.138495 -0.16444 0.976437 0.0318563 1.29552 0.317824 1.08903 0.525801 1.30344 -0.0852266 0.267486 0.206 0.142978 -0.0564789 -0.259902 -0.778478 -0.134449 0.440112 21.3918
state244: -0.0473739 0.0371268 0.764322 0.0173972 -0.128742 -0.152861 0.979671 0.0295808 1.31513 0.295122 1.12339 0.488244 1.32248 -0.0758664 0.249513 0.195371 0.126589 -0.0649669 -0.246298 -0.731272 -0.103648 0.44749 21.3336
state245: -0.0437297 0.0342709 0.774759 0.0160751 -0.118959 -0.141245 0.98267 0.0273054 1.33473 0.272421 1.15774 0.450687 1.34152 -0.067032 0.231311 0.183946 0.111013 -0.0720687 -0.231251 -0.682101 -0.0748147 0.45441 21.2773
state246: -0.0400856 0.0314149 0.785195 0.0147492 -0.109147 -0.129595 0.985431 0.0250299 1.35434 0.249719 1.1921 0.413129 1.36056 -0.058717 0.212895 0.171762 0.0962887 -0.0775999 -0.214887 -0.63099 -0.0483161 0.460852 21.2229
state247: -0.0364414 0.028559 0.795632 0.0134197 -0.0993085 -0.117913 0.987955 0.0227545 1.37395 0.227017 1.22645 0.375572 1.3796 -0.0509152 0.19428 0.158856 0.0824534 -0.0813935 -0.197354 -0.578013 -0.0245199 0.466801 21.1703
state248: -0.0327973 0.0257031 0.806069 0.012087 -0.0894461 -0.106203 0.990239 0.020479 1.39355 0.204316 1.26081 0.338015 1.39864 -0.0436205 0.175478 0.145269 0.0695437 -0.0833007 -0.178815 -0.523295 -0.00378663 0.47225 21.1197
state249: -0.0291531 0.0228472 0.816506 0.0107514 -0.0795621 -0.0944674 0.992285 0.0182036 1.41316 0.181614 1.29516 0.300458 1.41768 -0.0368272 0.156503 0.131044 0.057594 -0.0831911 -0.159449 -0.467019 0.0135378 0.477197 21.0708
state250: -0.025509 0.0199913 0.826942 0.00941313 -0.0696589 -0.0827089 0.994092 0.0159281 1.43276 0.158912 1.32952 0.262901 1.43672 -0.0305302 0.137369 0.116225 0.046637 -0.0809527 -0.13945 -0.409427 0.0271316 0.481646 21.0238
state251: -0.0218649 0.0171354 0.837379 0.00807262 -0.0597389 -0.0709305 0.995658 0.0136527 1.45237 0.13621 1.36387 0.225343 1.45576 -0.0247245 0.118088 0.100858 0.0367034 -0.0764914 -0.119022 -0.350816 0.0367066 0.485607 20.9783
state252: -0.0182207 0.0142795 0.847816 0.00673017 -0.0498045 -0.0591349 0.996984 0.0113772 1.47197 0.113509 1.39823 0.187786 1.4748 -0.0194057 0.0986726 0.0849912 0.0278216 -0.0697307 -0.09838 -0.291539 0.0420177 0.489093 20.9342
state253: -0.0145766 0.0114236 0.858253 0.00538608 -0.039858 -0.0473251 0.998069 0.0091018 1.49158 0.0908069 1.43258 0.150229 1.49384 -0.01457 0.0791349 0.0686758 0.0200174 -0.0606117 -0.0777476 -0.231994 0.0428715 0.492119 20.8911
state254: -0.0109324 0.00856771 0.86869 0.0040407 -0.0299019 -0.0355038 0.998914 0.00682635 1.51118 0.0681052 1.46694 0.112672 1.51288 -0.0102141 0.0594871 0.0519638 0.0133141 -0.0490932 -0.0573555 -0.172614 0.0391339 0.494705 20.8485
state255: -0.00728829 0.00571181 0.879126 0.00269434 -0.0199386 -0.023674 0.999517 0.0045509 1.53079 0.0454035 1.50129 0.0751144 1.53192 -0.00633518 0.0397409 0.0349096 0.00773234 -0.0351516 -0.0374397 -0.11385 0.0307345 0.496868 20.8061
state256: -0.00364414 0.0028559 0.889563 0.00134733 -0.00997052 -0.0118384 0.999879 0.00227545 1.55039 0.0227017 1.53565 0.0375572 1.55096 -0.002931 0.019908 0.0175692 0.0032895 -0.0187823 -0.0182405 -0.0561619 0.0176693 0.498627 20.7631
state257: 0 0 0.9 0 0 0 1 0 1.57 0 1.57 0 1.57 -0 0 -0 0 -0 0 -0 0 0.5 20.7189
end
