start_state: -0.424095 0 -0.424433 0 0 -1 6.12323e-17 0 1.57 0 1.57 0 1.57 -0 0 -0 0 -0 0 -0 0
goal_state: 0.424095 0 0.424433 0 0 -0.707107 0.707107 0 1.57 0 1.57 0 1.57 1.63042e-322 1.1801e-316 1.18006e-316 8.40705e-315 5.58294e-322 6.91304e-310 1.18586e-316 1.79585e-316
states: 162
planning_mode: 2
locomotion_mode: 1
planning_time: 153.977
motion_cost: 9.04561
minimum_var: 0.357207
minimum_var_state_entry: 92
maximum_force : 22.7491
maximum_force_state_entry: 91
state0: -0.424095 0 -0.424433 0 0 -1 6.12323e-17 0 1.57 0 1.57 0 1.57 -0 0 -0 0 -0 0 -0 0 0.5 20.5815
state1: -0.424095 0 -0.424433 0 0 -1 6.12323e-17 0 1.57 0 1.57 0 1.57 -0 0 -0 0 -0 0 -0 0 0.5 20.5815
state2: -0.424095 0 -0.424433 0 0 -1 6.12323e-17 0 1.57 0 1.57 0 1.57 -0 0 -0 0 -0 0 -0 0 0.5 20.5815
state3: -0.406982 -0.00548048 -0.419759 -0.0055506 0.00860798 -0.999877 -0.0118861 -0.00719942 1.56618 -0.0114763 1.5381 -0.0224069 1.52504 0.0170838 0.0113047 0.0185844 -0.0169972 -0.00491335 -0.0187523 0.00342588 0.00507449 0.502095 20.6546
state4: -0.38987 -0.010961 -0.415086 -0.0110998 0.0172138 -0.999508 -0.0237692 -0.0143988 1.56237 -0.0229525 1.50619 -0.0448139 1.48009 0.0338985 0.0230091 0.0377053 -0.0335731 -0.00818832 -0.0382926 0.00575201 0.00873929 0.503697 20.7211
state5: -0.372757 -0.0164414 -0.410412 -0.0166463 0.0258155 -0.998892 -0.0356465 -0.0215983 1.55855 -0.0344288 1.47429 -0.0672208 1.43513 0.0504394 0.0351035 0.0573588 -0.0497102 -0.00976582 -0.0585013 0.00731807 0.0108385 0.504851 20.7824
state6: -0.355644 -0.0219219 -0.405738 -0.0221887 0.0344107 -0.998031 -0.0475151 -0.0287977 1.55474 -0.0459051 1.44239 -0.0896278 1.39017 0.0667022 0.0475781 0.0775401 -0.0653912 -0.0095928 -0.0792562 0.00848146 0.0112696 0.505564 20.8395
state7: -0.338531 -0.0274024 -0.401065 -0.0277257 0.0429975 -0.996924 -0.0593719 -0.0359971 1.55092 -0.0573813 1.41048 -0.112035 1.34521 0.0826832 0.0604232 0.0982439 -0.0805986 -0.00762174 -0.100432 0.00960943 0.00998565 0.505842 20.8934
state8: -0.321419 -0.0328829 -0.396391 -0.0332558 0.0515737 -0.995572 -0.0712141 -0.0431965 1.54711 -0.0688576 1.37858 -0.134442 1.30026 0.0983789 0.0736291 0.119464 -0.095315 -0.00381028 -0.121903 0.0110711 0.0069951 0.50569 20.9449
state9: -0.304306 -0.0383633 -0.391717 -0.0387777 0.0601373 -0.993974 -0.0830388 -0.050396 1.54329 -0.0803339 1.34668 -0.156849 1.2553 0.113786 0.087186 0.141194 -0.109523 0.00187898 -0.143539 0.0132293 0.00236168 0.505112 20.9948
state10: -0.287193 -0.0438438 -0.387044 -0.0442901 0.068686 -0.992132 -0.094843 -0.0575954 1.53948 -0.0918102 1.31477 -0.179256 1.21034 0.128903 0.101084 0.163427 -0.123205 0.00947851 -0.16521 0.0164332 -0.0037977 0.504108 21.0435
state11: -0.27008 -0.0493243 -0.38237 -0.0497916 0.0772178 -0.990045 -0.106624 -0.0647948 1.53566 -0.103286 1.28287 -0.201663 1.16539 0.143726 0.115314 0.186152 -0.136345 0.0190157 -0.186784 0.021011 -0.0113158 0.502679 21.0915
state12: -0.252968 -0.0548048 -0.377696 -0.0552808 0.0857305 -0.987715 -0.118379 -0.0719942 1.53185 -0.114763 1.25097 -0.224069 1.12043 0.158253 0.129865 0.20936 -0.148925 0.0305125 -0.208127 0.0272635 -0.0199788 0.500827 21.1392
state13: -0.235855 -0.0602852 -0.373023 -0.0607564 0.0942222 -0.985141 -0.130104 -0.0791937 1.52803 -0.126239 1.21906 -0.246476 1.07547 0.172484 0.144729 0.233041 -0.16093 0.0439847 -0.229104 0.0354586 -0.0295314 0.498549 21.1868
state14: -0.218742 -0.0657657 -0.368349 -0.0662171 0.102691 -0.982326 -0.141797 -0.0863931 1.52422 -0.137715 1.18716 -0.268883 1.03051 0.186415 0.159896 0.257182 -0.172342 0.0594412 -0.249579 0.0458264 -0.0396813 0.495848 21.2345
state15: -0.201629 -0.0712462 -0.363676 -0.0716614 0.111134 -0.979268 -0.153456 -0.0935925 1.5204 -0.149191 1.15526 -0.29129 0.985558 0.200045 0.175357 0.281769 -0.183147 0.0768831 -0.269417 0.0585549 -0.0501062 0.492723 21.2824
state16: -0.184517 -0.0767267 -0.359002 -0.0770881 0.11955 -0.975969 -0.165077 -0.100792 1.51658 -0.160668 1.12335 -0.313697 0.9406 0.213373 0.191102 0.306788 -0.193328 0.0963021 -0.288481 0.0737868 -0.0604592 0.489178 21.3306
state17: -0.167404 -0.0822071 -0.354328 -0.0824958 0.127936 -0.972429 -0.176657 -0.107991 1.51277 -0.172144 1.09145 -0.336104 0.895643 0.226398 0.207122 0.332221 -0.202872 0.117679 -0.306635 0.0916167 -0.0703761 0.48522 21.379
state18: -0.150291 -0.0876876 -0.349655 -0.0878832 0.136291 -0.968651 -0.188194 -0.115191 1.50895 -0.18362 1.05955 -0.358511 0.850686 0.239117 0.223408 0.358052 -0.211765 0.140984 -0.323746 0.112089 -0.0794823 0.480858 21.4275
state19: -0.133178 -0.0931681 -0.344981 -0.093249 0.144612 -0.964634 -0.199684 -0.12239 1.50514 -0.195097 1.02764 -0.380918 0.805729 0.25153 0.239952 0.384261 -0.219993 0.166172 -0.33968 0.135195 -0.0874005 0.476105 21.4762
state20: -0.116066 -0.0986486 -0.340307 -0.0985918 0.152898 -0.960379 -0.211125 -0.12959 1.50132 -0.206573 0.995741 -0.403325 0.760772 0.263635 0.256744 0.410828 -0.227544 0.193185 -0.354311 0.160874 -0.0937583 0.470979 21.5248
state21: -0.0989529 -0.104129 -0.335634 -0.10391 0.161146 -0.955888 -0.222514 -0.136789 1.49751 -0.218049 0.963837 -0.425732 0.715815 0.27543 0.273775 0.43773 -0.234408 0.221946 -0.367514 0.189016 -0.0981964 0.465502 21.5732
state22: -0.0818402 -0.10961 -0.33096 -0.109203 0.169355 -0.951162 -0.233849 -0.143988 1.49369 -0.229525 0.931934 -0.448139 0.670858 0.286914 0.291038 0.464945 -0.240572 0.252366 -0.379172 0.219459 -0.100377 0.4597 21.6213
state23: -0.0647274 -0.11509 -0.326286 -0.114469 0.177521 -0.946201 -0.245125 -0.151188 1.48988 -0.241002 0.900031 -0.470546 0.625901 0.298085 0.308523 0.492449 -0.24603 0.284334 -0.389175 0.251996 -0.0999892 0.453604 21.669
state24: -0.0476147 -0.12057 -0.321613 -0.119707 0.185644 -0.941008 -0.256342 -0.158387 1.48606 -0.252478 0.868127 -0.492953 0.580943 0.30894 0.326223 0.520216 -0.250772 0.317725 -0.397422 0.286384 -0.096761 0.44725 21.7159
state25: -0.0305019 -0.126051 -0.316939 -0.124916 0.193722 -0.935582 -0.267495 -0.165587 1.48225 -0.263954 0.836224 -0.51536 0.535986 0.319478 0.344129 0.54822 -0.254791 0.352399 -0.403826 0.322346 -0.0904611 0.440673 21.7621
state26: -0.0133892 -0.131531 -0.312265 -0.130093 0.201751 -0.929927 -0.278583 -0.172786 1.47843 -0.27543 0.804321 -0.537767 0.491029 0.329694 0.362233 0.576433 -0.258082 0.3882 -0.408309 0.359589 -0.0809059 0.433915 21.8072
state27: 0.00372355 -0.137012 -0.307592 -0.135239 0.209731 -0.924042 -0.289601 -0.179986 1.47462 -0.286907 0.772418 -0.560174 0.446072 0.339586 0.380527 0.604828 -0.260641 0.424961 -0.410809 0.397808 -0.067963 0.427016 21.8514
state28: 0.0208363 -0.142492 -0.302918 -0.140351 0.21766 -0.91793 -0.300549 -0.187185 1.4708 -0.298383 0.740514 -0.582581 0.401115 0.349151 0.399004 0.633377 -0.262464 0.462508 -0.411278 0.436704 -0.0515524 0.420017 21.8943
state29: 0.037949 -0.147973 -0.298244 -0.145429 0.225534 -0.911592 -0.311423 -0.194384 1.46698 -0.309859 0.708611 -0.604988 0.356158 0.358384 0.417654 0.662052 -0.263551 0.500659 -0.409685 0.475992 -0.0316464 0.412958 21.936
state30: 0.0550618 -0.153453 -0.293571 -0.150471 0.233354 -0.90503 -0.32222 -0.201584 1.46317 -0.321336 0.676708 -0.627395 0.311201 0.36728 0.436471 0.690822 -0.263902 0.539234 -0.406014 0.515413 -0.00826764 0.405879 21.9763
state31: 0.0721745 -0.158934 -0.288897 -0.155476 0.241115 -0.898245 -0.332937 -0.208783 1.45935 -0.332812 0.644804 -0.649802 0.266244 0.375834 0.455447 0.719661 -0.263516 0.578056 -0.400265 0.554743 0.0185144 0.398813 22.0153
state32: 0.0892873 -0.164414 -0.284223 -0.160443 0.248818 -0.891238 -0.343573 -0.215983 1.45554 -0.344288 0.612901 -0.672208 0.221287 0.384041 0.474574 0.748538 -0.262398 0.616953 -0.392456 0.5938 0.0485881 0.391795 22.0529
state33: 0.1064 -0.169895 -0.27955 -0.16537 0.256459 -0.884012 -0.354124 -0.223182 1.45172 -0.355764 0.580998 -0.694615 0.176329 0.391892 0.493844 0.777427 -0.260551 0.655766 -0.382619 0.632447 0.0818054 0.384851 22.0892
state34: 0.1064 -0.169895 -0.27955 -0.16537 0.256459 -0.884012 -0.354124 -0.223182 1.45172 -0.355764 0.580998 -0.694615 0.176329 0.391892 0.493844 0.777427 -0.260551 0.655766 -0.382619 0.632447 0.0818054 0.384851 22.0892
state35: 0.110864 -0.175033 -0.273438 -0.16577 0.259965 -0.877285 -0.367844 -0.219475 1.45302 -0.357819 0.585951 -0.682271 0.177318 0.391339 0.503059 0.782594 -0.258727 0.660278 -0.386109 0.631546 0.0662542 0.384868 22.1024
state36: 0.115328 -0.180171 -0.267327 -0.166129 0.263407 -0.870342 -0.381475 -0.215769 1.45432 -0.359873 0.590904 -0.669927 0.178307 0.390463 0.512255 0.787653 -0.256628 0.664889 -0.389375 0.630946 0.0508548 0.38484 22.1158
state37: 0.119791 -0.185309 -0.261216 -0.166447 0.266785 -0.863185 -0.395011 -0.212062 1.45562 -0.361927 0.595858 -0.657583 0.179295 0.38926 0.521424 0.792595 -0.254259 0.669596 -0.392414 0.63064 0.035615 0.384768 22.1295
state38: 0.124255 -0.190447 -0.255104 -0.166725 0.270097 -0.855815 -0.40845 -0.208355 1.45692 -0.363981 0.600811 -0.645238 0.180284 0.387727 0.530556 0.797412 -0.251623 0.67439 -0.395225 0.630621 0.0205426 0.384654 22.1432
state39: 0.128719 -0.195585 -0.248993 -0.166961 0.273342 -0.848235 -0.421789 -0.204648 1.45823 -0.366035 0.605764 -0.632894 0.181273 0.385859 0.539643 0.802095 -0.248725 0.679268 -0.397805 0.630885 0.00564526 0.384496 22.1572
state40: 0.133183 -0.200722 -0.242881 -0.167156 0.27652 -0.840446 -0.435024 -0.200941 1.45953 -0.36809 0.610717 -0.62055 0.182261 0.383652 0.548675 0.806636 -0.245568 0.684222 -0.400155 0.631424 -0.00906963 0.384297 22.1713
state41: 0.137647 -0.20586 -0.23677 -0.16731 0.27963 -0.832451 -0.448152 -0.197234 1.46083 -0.370144 0.61567 -0.608206 0.18325 0.381103 0.557645 0.811026 -0.242159 0.689247 -0.402271 0.632233 -0.0235948 0.384057 22.1856
state42: 0.14211 -0.210998 -0.230658 -0.167423 0.282672 -0.824251 -0.461169 -0.193528 1.46213 -0.372198 0.620624 -0.595861 0.184239 0.378207 0.566541 0.815258 -0.238501 0.694337 -0.404154 0.633306 -0.0379233 0.383777 22.2
state43: 0.146574 -0.216136 -0.224547 -0.167495 0.285644 -0.815848 -0.474074 -0.189821 1.46343 -0.374252 0.625577 -0.583517 0.185227 0.374963 0.575356 0.819323 -0.2346 0.699484 -0.405801 0.634637 -0.0520481 0.383458 22.2146
state44: 0.151038 -0.221274 -0.218435 -0.167526 0.288545 -0.807244 -0.486861 -0.186114 1.46473 -0.376307 0.63053 -0.571173 0.186216 0.371366 0.584079 0.823216 -0.230461 0.704683 -0.407213 0.63622 -0.0659625 0.383101 22.2293
state45: 0.155502 -0.226412 -0.212324 -0.167515 0.291376 -0.798442 -0.499529 -0.182407 1.46603 -0.378361 0.635483 -0.558828 0.187205 0.367414 0.592702 0.826928 -0.226091 0.709927 -0.408388 0.63805 -0.07966 0.382709 22.2441
state46: 0.159965 -0.23155 -0.206212 -0.167464 0.294135 -0.789443 -0.512074 -0.1787 1.46733 -0.380415 0.640437 -0.546484 0.188193 0.363105 0.601214 0.830454 -0.221494 0.715209 -0.409327 0.640119 -0.0931343 0.382281 22.259
state47: 0.164429 -0.236688 -0.200101 -0.167371 0.296821 -0.780251 -0.524493 -0.174994 1.46863 -0.382469 0.64539 -0.53414 0.189182 0.358437 0.609605 0.833787 -0.216677 0.720523 -0.410028 0.642422 -0.106379 0.38182 22.274
state48: 0.168893 -0.241826 -0.19399 -0.167236 0.299435 -0.770866 -0.536783 -0.171287 1.46993 -0.384523 0.650343 -0.521796 0.190171 0.353407 0.617866 0.83692 -0.211646 0.725861 -0.410493 0.644954 -0.119389 0.381327 22.2891
state49: 0.173357 -0.246964 -0.187878 -0.167061 0.301975 -0.761292 -0.548941 -0.16758 1.47123 -0.386578 0.655296 -0.509451 0.191159 0.348016 0.625987 0.839848 -0.206407 0.731218 -0.410721 0.647707 -0.132157 0.380803 22.3043
state50: 0.177821 -0.252102 -0.181767 -0.166845 0.304441 -0.75153 -0.560964 -0.163873 1.47253 -0.388632 0.66025 -0.497107 0.192148 0.342262 0.633958 0.842566 -0.200967 0.736585 -0.410712 0.650675 -0.144679 0.380251 22.3195
state51: 0.182284 -0.25724 -0.175655 -0.166587 0.306831 -0.741584 -0.57285 -0.160166 1.47383 -0.390686 0.665203 -0.484763 0.193137 0.336146 0.641769 0.845068 -0.195333 0.741958 -0.410467 0.653851 -0.156948 0.379673 22.3348
state52: 0.186748 -0.262378 -0.169544 -0.166289 0.309147 -0.731455 -0.584594 -0.156459 1.47513 -0.39274 0.670156 -0.472418 0.194125 0.329668 0.64941 0.84735 -0.189511 0.747328 -0.409988 0.657229 -0.168961 0.379069 22.3502
state53: 0.191212 -0.267516 -0.163432 -0.16595 0.311386 -0.721146 -0.596194 -0.152753 1.47643 -0.394795 0.675109 -0.460074 0.195114 0.322829 0.65687 0.849408 -0.183508 0.75269 -0.409273 0.660802 -0.180711 0.378442 22.3655
state54: 0.195676 -0.272654 -0.157321 -0.16557 0.313549 -0.71066 -0.607648 -0.149046 1.47773 -0.396849 0.680063 -0.44773 0.196103 0.315632 0.66414 0.851235 -0.177331 0.758036 -0.408326 0.664562 -0.192195 0.377794 22.3808
state55: 0.20014 -0.277792 -0.151209 -0.165149 0.315634 -0.699999 -0.618952 -0.145339 1.47903 -0.398903 0.685016 -0.435386 0.197091 0.308079 0.671209 0.85283 -0.170988 0.76336 -0.407147 0.668502 -0.203408 0.377127 22.3961
state56: 0.204603 -0.28293 -0.145098 -0.164687 0.317642 -0.689166 -0.630104 -0.141632 1.48033 -0.400957 0.689969 -0.423041 0.19808 0.300174 0.678068 0.854188 -0.164485 0.768656 -0.405738 0.672614 -0.214346 0.376443 22.4114
state57: 0.209067 -0.288068 -0.138987 -0.164186 0.319572 -0.678164 -0.641101 -0.137925 1.48163 -0.403011 0.694922 -0.410697 0.199069 0.291921 0.684706 0.855305 -0.15783 0.773917 -0.4041 0.676891 -0.225006 0.375744 22.4266
state58: 0.213531 -0.293206 -0.132875 -0.163643 0.321423 -0.666995 -0.65194 -0.134219 1.48293 -0.405066 0.699875 -0.398353 0.200057 0.283326 0.691114 0.856179 -0.15103 0.779137 -0.402235 0.681323 -0.235382 0.375031 22.4418
state59: 0.217995 -0.298344 -0.126764 -0.163061 0.323195 -0.655661 -0.662619 -0.130512 1.48423 -0.40712 0.704829 -0.386009 0.201046 0.274395 0.697282 0.856807 -0.144092 0.78431 -0.400146 0.685903 -0.245474 0.374308 22.4568
state60: 0.222459 -0.303482 -0.120652 -0.162438 0.324888 -0.644166 -0.673135 -0.126805 1.48553 -0.409174 0.709782 -0.373664 0.202035 0.265136 0.703199 0.857185 -0.137025 0.78943 -0.397834 0.690622 -0.255277 0.373575 22.4717
state61: 0.226922 -0.30862 -0.114541 -0.161775 0.326501 -0.632513 -0.683486 -0.123098 1.48683 -0.411228 0.714735 -0.36132 0.203023 0.255557 0.708858 0.857312 -0.129835 0.794492 -0.395302 0.69547 -0.264789 0.372836 22.4865
state62: 0.231386 -0.313758 -0.108429 -0.161073 0.328033 -0.620705 -0.693668 -0.119391 1.48813 -0.413283 0.719688 -0.348976 0.204012 0.245667 0.714248 0.857185 -0.12253 0.799488 -0.392552 0.700439 -0.274007 0.372092 22.5011
state63: 0.23585 -0.318895 -0.102318 -0.160331 0.329485 -0.608743 -0.70368 -0.115685 1.48943 -0.415337 0.724642 -0.336631 0.205001 0.235478 0.719361 0.856802 -0.115119 0.804415 -0.389588 0.705518 -0.282931 0.371346 22.5156
state64: 0.240314 -0.324033 -0.0962065 -0.159549 0.330856 -0.596632 -0.713518 -0.111978 1.49073 -0.417391 0.729595 -0.324287 0.205989 0.225001 0.724188 0.856162 -0.107607 0.809266 -0.386411 0.710699 -0.291558 0.370599 22.5298
state65: 0.244777 -0.329171 -0.090095 -0.158729 0.332145 -0.584374 -0.723182 -0.108271 1.49203 -0.419445 0.734548 -0.311943 0.206978 0.214248 0.728721 0.855262 -0.100004 0.814037 -0.383024 0.715969 -0.299888 0.369853 22.5437
state66: 0.249241 -0.334309 -0.0839836 -0.157869 0.333353 -0.571973 -0.732667 -0.104564 1.49333 -0.421499 0.739501 -0.299599 0.207967 0.203234 0.732951 0.854102 -0.0923161 0.818723 -0.379432 0.721321 -0.307919 0.369111 22.5574
state67: 0.253705 -0.339447 -0.0778721 -0.15697 0.334478 -0.55943 -0.741972 -0.100857 1.49463 -0.423554 0.744455 -0.287254 0.208955 0.191974 0.736872 0.852681 -0.084552 0.823319 -0.375637 0.726742 -0.315652 0.368375 22.5709
state68: 0.258169 -0.344585 -0.0717607 -0.156033 0.335522 -0.546751 -0.751094 -0.0971505 1.49594 -0.425608 0.749408 -0.27491 0.209944 0.180485 0.740476 0.850996 -0.0767191 0.82782 -0.371642 0.732221 -0.323086 0.367646 22.584
state69: 0.262633 -0.349723 -0.0656492 -0.155057 0.336482 -0.533936 -0.760032 -0.0934437 1.49724 -0.427662 0.754361 -0.262566 0.210933 0.168782 0.743755 0.849048 -0.0688251 0.832222 -0.367452 0.737749 -0.330222 0.366926 22.5968
state70: 0.267096 -0.354861 -0.0595378 -0.154044 0.33736 -0.520991 -0.768783 -0.0897368 1.49854 -0.429716 0.759314 -0.250222 0.211921 0.156885 0.746706 0.846835 -0.0608778 0.836521 -0.363068 0.743313 -0.337061 0.366219 22.6092
state71: 0.27156 -0.359999 -0.0534264 -0.152992 0.338156 -0.507917 -0.777345 -0.08603 1.49984 -0.431771 0.764268 -0.237877 0.21291 0.144813 0.74932 0.844358 -0.0528849 0.840713 -0.358496 0.748902 -0.343604 0.365524 22.6212
state72: 0.276024 -0.365137 -0.0473149 -0.151903 0.338867 -0.494718 -0.785715 -0.0823232 1.50114 -0.433825 0.769221 -0.225533 0.213899 0.132585 0.751595 0.841615 -0.0448541 0.844795 -0.353739 0.754505 -0.349853 0.364845 22.6328
state73: 0.280488 -0.370275 -0.0412035 -0.150776 0.339496 -0.481397 -0.793893 -0.0786164 1.50244 -0.435879 0.774174 -0.213189 0.214887 0.120222 0.753524 0.838607 -0.0367932 0.848762 -0.3488 0.76011 -0.35581 0.364184 22.644
state74: 0.284952 -0.375413 -0.035092 -0.149612 0.340041 -0.467959 -0.801875 -0.0749096 1.50374 -0.437933 0.779127 -0.200844 0.215876 0.107747 0.755106 0.835334 -0.0287098 0.852612 -0.343684 0.765706 -0.361478 0.363541 22.6547
state75: 0.289415 -0.380551 -0.0289806 -0.148412 0.340503 -0.454405 -0.809659 -0.0712028 1.50504 -0.439987 0.78408 -0.1885 0.216865 0.0951804 0.756335 0.831795 -0.0206118 0.856342 -0.338395 0.77128 -0.366859 0.36292 22.665
state76: 0.293879 -0.385689 -0.0228691 -0.147175 0.34088 -0.440739 -0.817245 -0.067496 1.50634 -0.442042 0.789034 -0.176156 0.217853 0.0825456 0.75721 0.827991 -0.0125067 0.859947 -0.332937 0.776821 -0.371958 0.362321 22.6748
state77: 0.298343 -0.390827 -0.0167577 -0.145902 0.341174 -0.426965 -0.82463 -0.0637891 1.50764 -0.444096 0.793987 -0.163812 0.218842 0.0698653 0.75773 0.823923 -0.00440224 0.863427 -0.327313 0.782318 -0.376778 0.361747 22.684
state78: 0.302807 -0.395965 -0.0106462 -0.144593 0.341384 -0.413086 -0.831811 -0.0600823 1.50894 -0.44615 0.79894 -0.151467 0.219831 0.0571628 0.757893 0.81959 0.00369386 0.866778 -0.321529 0.787758 -0.381324 0.361199 22.6927
state79: 0.30727 -0.401103 -0.00453479 -0.143248 0.34151 -0.399105 -0.838789 -0.0563755 1.51024 -0.448204 0.803893 -0.139123 0.220819 0.0444613 0.757698 0.814994 0.011774 0.869999 -0.315588 0.79313 -0.385599 0.360679 22.7008
state80: 0.311734 -0.406241 0.00157666 -0.141868 0.341552 -0.385026 -0.845559 -0.0526687 1.51154 -0.450258 0.808847 -0.126779 0.221808 0.0317841 0.757147 0.810134 0.0198306 0.873086 -0.309495 0.798423 -0.389611 0.36019 22.7083
state81: 0.316198 -0.411379 0.0076881 -0.140453 0.34151 -0.370852 -0.852122 -0.0489619 1.51284 -0.452313 0.8138 -0.114434 0.222797 0.0191544 0.75624 0.805014 0.0278559 0.876038 -0.303254 0.803624 -0.393363 0.359731 22.7153
state82: 0.320662 -0.416517 0.0137995 -0.139004 0.341384 -0.356588 -0.858476 -0.0452551 1.51414 -0.454367 0.818753 -0.10209 0.223785 0.00659521 0.754979 0.799632 0.0358426 0.878853 -0.29687 0.808724 -0.396862 0.359306 22.7216
state83: 0.325126 -0.421655 0.019911 -0.13752 0.341174 -0.342235 -0.864618 -0.0415483 1.51544 -0.456421 0.823706 -0.0897459 0.224774 -0.00587105 0.753367 0.793991 0.043783 0.881529 -0.290346 0.813711 -0.400115 0.358915 22.7273
state84: 0.329589 -0.426793 0.0260224 -0.136003 0.34088 -0.327798 -0.870547 -0.0378414 1.51674 -0.458475 0.82866 -0.0774017 0.225763 -0.0182223 0.751406 0.788092 0.0516696 0.884066 -0.283688 0.818575 -0.403127 0.358561 22.7324
state85: 0.334053 -0.431931 0.0321339 -0.134452 0.340502 -0.313281 -0.876263 -0.0341346 1.51804 -0.46053 0.833613 -0.0650574 0.226751 -0.0304371 0.749101 0.781936 0.059495 0.886461 -0.2769 0.823305 -0.405907 0.358244 22.7368
state86: 0.338517 -0.437068 0.0382453 -0.132868 0.34004 -0.298686 -0.881762 -0.0304278 1.51934 -0.462584 0.838566 -0.0527131 0.22774 -0.0424948 0.746456 0.775525 0.0672517 0.888714 -0.269986 0.82789 -0.40846 0.357967 22.7406
state87: 0.342981 -0.442206 0.0443568 -0.131252 0.339495 -0.284019 -0.887045 -0.026721 1.52064 -0.464638 0.843519 -0.0403688 0.228729 -0.0543753 0.743476 0.768862 0.0749324 0.890823 -0.262951 0.832322 -0.410796 0.357731 22.7437
state88: 0.347445 -0.447344 0.0504682 -0.129603 0.338866 -0.269281 -0.89211 -0.0230142 1.52194 -0.466692 0.848473 -0.0280245 0.229717 -0.0660596 0.740167 0.761947 0.0825297 0.892788 -0.2558 0.836591 -0.412922 0.357537 22.746
state89: 0.351908 -0.452482 0.0565797 -0.127922 0.338154 -0.254477 -0.896955 -0.0193074 1.52324 -0.468746 0.853426 -0.0156803 0.230706 -0.0775296 0.736535 0.754784 0.0900363 0.894607 -0.248536 0.840688 -0.414847 0.357386 22.7478
state90: 0.356372 -0.45762 0.0626911 -0.12621 0.337359 -0.23961 -0.90158 -0.0156006 1.52454 -0.470801 0.858379 -0.003336 0.231695 -0.0887682 0.732587 0.747374 0.0974451 0.896281 -0.241166 0.844604 -0.416578 0.35728 22.7488
state91: 0.360836 -0.462758 0.0688026 -0.124467 0.336481 -0.224685 -0.905983 -0.0118938 1.52584 -0.472855 0.863332 0.00900828 0.232683 -0.0997592 0.728329 0.739721 0.104749 0.897808 -0.233692 0.848331 -0.418125 0.35722 22.7491
state92: 0.3653 -0.467896 0.074914 -0.122693 0.33552 -0.209704 -0.910163 -0.00818694 1.52714 -0.474909 0.868286 0.0213526 0.233672 -0.110488 0.72377 0.731826 0.11194 0.899188 -0.226121 0.851862 -0.419496 0.357207 22.7486
state93: 0.369764 -0.473034 0.0810254 -0.120889 0.334476 -0.194672 -0.914119 -0.00448012 1.52844 -0.476963 0.873239 0.0336968 0.234661 -0.12094 0.718917 0.723693 0.119013 0.900421 -0.218456 0.855188 -0.420702 0.357242 22.7475
state94: 0.374227 -0.478172 0.0871369 -0.119055 0.333351 -0.179591 -0.917851 -0.000773309 1.52974 -0.479018 0.878192 0.0460411 0.235649 -0.131103 0.713779 0.715325 0.125959 0.901507 -0.210702 0.858304 -0.421751 0.357326 22.7457
state95: 0.378691 -0.48331 0.0932483 -0.117192 0.332143 -0.164467 -0.921356 0.00293351 1.53104 -0.481072 0.883145 0.0583854 0.236638 -0.140965 0.708364 0.706725 0.132772 0.902445 -0.202863 0.861202 -0.422652 0.357461 22.7431
state96: 0.383155 -0.488448 0.0993598 -0.1153 0.330853 -0.149302 -0.924635 0.00664032 1.53234 -0.483126 0.888098 0.0707297 0.237627 -0.150516 0.702682 0.697896 0.139445 0.903235 -0.194945 0.863876 -0.423416 0.357646 22.7399
state97: 0.387619 -0.493586 0.105471 -0.11338 0.329483 -0.134101 -0.927687 0.0103471 1.53364 -0.48518 0.893052 0.0830739 0.238615 -0.159747 0.696742 0.688844 0.145972 0.903877 -0.186952 0.866322 -0.424053 0.357883 22.7359
state98: 0.392082 -0.498724 0.111583 -0.111432 0.328031 -0.118866 -0.93051 0.0140539 1.53495 -0.487234 0.898005 0.0954182 0.239604 -0.168648 0.690552 0.67957 0.152345 0.904371 -0.178888 0.868535 -0.424572 0.358172 22.7312
state99: 0.396546 -0.503862 0.117694 -0.109457 0.326498 -0.103602 -0.933105 0.0177608 1.53625 -0.489289 0.902958 0.107762 0.240593 -0.177212 0.684124 0.67008 0.158559 0.904717 -0.170759 0.870509 -0.424983 0.358514 22.7258
state100: 0.40101 -0.509 0.123806 -0.107454 0.324885 -0.0883129 -0.93547 0.0214676 1.53755 -0.491343 0.907911 0.120107 0.241581 -0.185434 0.677465 0.660378 0.164607 0.904916 -0.162568 0.87224 -0.425297 0.358909 22.7196
state101: 0.405474 -0.514138 0.129917 -0.105425 0.323193 -0.0730019 -0.937605 0.0251744 1.53885 -0.493397 0.912865 0.132451 0.24257 -0.193308 0.670587 0.650469 0.170482 0.904968 -0.15432 0.873726 -0.425523 0.359357 22.7128
state102: 0.409938 -0.519276 0.136028 -0.103371 0.32142 -0.0576729 -0.939509 0.0288812 1.54015 -0.495451 0.917818 0.144795 0.243559 -0.20083 0.6635 0.640357 0.176179 0.904872 -0.14602 0.874963 -0.425673 0.359859 22.7053
state103: 0.414401 -0.524414 0.14214 -0.10129 0.319569 -0.0423298 -0.941182 0.032588 1.54145 -0.497506 0.922771 0.15714 0.244547 -0.207995 0.656213 0.630047 0.181692 0.90463 -0.137672 0.875948 -0.425755 0.360415 22.6971
state104: 0.418865 -0.529552 0.148251 -0.0991852 0.317639 -0.0269762 -0.942624 0.0362948 1.54275 -0.49956 0.927724 0.169484 0.245536 -0.214802 0.648736 0.619546 0.187014 0.904241 -0.129281 0.876679 -0.42578 0.361025 22.6882
state105: 0.423329 -0.53469 0.154363 -0.0970556 0.315631 -0.011616 -0.943834 0.0400016 1.54405 -0.501614 0.932678 0.181828 0.246525 -0.221248 0.64108 0.608858 0.192139 0.903706 -0.120852 0.877155 -0.425759 0.361688 22.6786
state106: 0.427793 -0.539828 0.160474 -0.0949022 0.313545 0.00374702 -0.944812 0.0437085 1.54535 -0.503668 0.937631 0.194172 0.247513 -0.227332 0.633254 0.59799 0.197064 0.903026 -0.112389 0.877374 -0.425702 0.362404 22.6683
state107: 0.432257 -0.544966 0.166586 -0.0927255 0.311382 0.0191092 -0.945557 0.0474153 1.54665 -0.505722 0.942584 0.206517 0.248502 -0.233053 0.625269 0.586948 0.201781 0.9022 -0.103896 0.877335 -0.425618 0.363173 22.6574
state108: 0.43672 -0.550104 0.172697 -0.0905259 0.309143 0.0344666 -0.94607 0.0511221 1.54795 -0.507777 0.947537 0.218861 0.249491 -0.238412 0.617135 0.575737 0.206286 0.90123 -0.0953789 0.877038 -0.425518 0.363994 22.6459
state109: 0.441184 -0.555242 0.178809 -0.0883041 0.306828 0.0498155 -0.94635 0.0548289 1.54925 -0.509831 0.952491 0.231205 0.250479 -0.243409 0.608862 0.564365 0.210574 0.900115 -0.0868412 0.876482 -0.425411 0.364867 22.6337
state110: 0.445648 -0.560379 0.18492 -0.0860605 0.304437 0.0651522 -0.946397 0.0585357 1.55055 -0.511885 0.957444 0.24355 0.251468 -0.248046 0.60046 0.552838 0.214639 0.898856 -0.0782876 0.875669 -0.425307 0.365791 22.6209
state111: 0.450112 -0.565517 0.191031 -0.0837958 0.301971 0.0804729 -0.946211 0.0622425 1.55185 -0.513939 0.962397 0.255894 0.252457 -0.252323 0.591937 0.541164 0.218478 0.897455 -0.0697229 0.874598 -0.425217 0.366765 22.6075
state112: 0.454575 -0.570655 0.197143 -0.0815105 0.299431 0.0957738 -0.945793 0.0659493 1.55315 -0.515994 0.96735 0.268238 0.253445 -0.256243 0.583306 0.52935 0.222086 0.89591 -0.0611514 0.873271 -0.42515 0.367788 22.5934
state113: 0.459039 -0.575793 0.203254 -0.0792051 0.296817 0.111051 -0.945142 0.0696562 1.55445 -0.518048 0.972303 0.280582 0.254434 -0.259808 0.574574 0.517403 0.225459 0.894224 -0.0525776 0.871688 -0.425115 0.368858 22.5789
state114: 0.463503 -0.580931 0.209366 -0.0768803 0.29413 0.126301 -0.944259 0.073363 1.55575 -0.520102 0.977257 0.292927 0.255423 -0.263021 0.565751 0.505331 0.228593 0.892396 -0.0440062 0.869853 -0.425121 0.369975 22.5637
state115: 0.467967 -0.586069 0.215477 -0.0745365 0.291371 0.14152 -0.943143 0.0770698 1.55705 -0.522156 0.98221 0.305271 0.256411 -0.265886 0.556848 0.493142 0.231484 0.890428 -0.0354416 0.867767 -0.425179 0.371138 22.548
state116: 0.472431 -0.591207 0.221589 -0.0721744 0.28854 0.156704 -0.941796 0.0807766 1.55835 -0.52421 0.987163 0.317615 0.2574 -0.268404 0.547872 0.480845 0.234128 0.888319 -0.0268882 0.865431 -0.425296 0.372343 22.5318
state117: 0.476894 -0.596345 0.2277 0.0697946 -0.285639 -0.17185 0.940216 0.0844834 1.55965 -0.526265 0.992116 0.329959 0.258389 -0.270581 0.538835 0.468447 0.236523 0.886071 -0.0183507 0.86285 -0.425483 0.373591 22.5151
state118: 0.476894 -0.596345 0.2277 0.0697946 -0.285639 -0.17185 0.940216 0.0844834 1.55965 -0.526265 0.992116 0.329959 0.258389 -0.270581 0.538835 0.468447 0.236523 0.886071 -0.0183507 0.86285 -0.425483 0.373591 22.5151
state119: 0.475667 -0.582477 0.232275 0.0684104 -0.279974 -0.186167 0.939296 0.0825187 1.55989 -0.514026 1.00556 0.322286 0.288891 -0.272203 0.52416 0.455679 0.239724 0.872449 -0.0205353 0.838143 -0.446696 0.378543 22.462
state120: 0.474439 -0.568608 0.236851 0.0670099 -0.274242 -0.200439 0.93815 0.080554 1.56013 -0.501787 1.01899 0.314613 0.319394 -0.27334 0.509451 0.442804 0.242487 0.858379 -0.0226874 0.81205 -0.466809 0.383584 22.4092
state121: 0.473211 -0.55474 0.241426 0.0655933 -0.268445 -0.214663 0.936779 0.0785892 1.56037 -0.489549 1.03243 0.306939 0.349896 -0.274002 0.494721 0.429838 0.244808 0.843868 -0.0248053 0.784585 -0.485727 0.388707 22.3567
state122: 0.471983 -0.540871 0.246001 0.064161 -0.262583 -0.228836 0.935183 0.0766245 1.56061 -0.47731 1.04587 0.299266 0.380399 -0.274202 0.479981 0.416797 0.246686 0.828923 -0.0268868 0.755774 -0.503352 0.3939 22.3045
state123: 0.470755 -0.527003 0.250576 0.0627133 -0.256658 -0.242954 0.933363 0.0746598 1.56085 -0.465071 1.05931 0.291592 0.410902 -0.273949 0.465241 0.403694 0.248116 0.813552 -0.0289289 0.725663 -0.519585 0.399153 22.2526
state124: 0.469527 -0.513134 0.255151 0.0612506 -0.250672 -0.257014 0.931319 0.072695 1.5611 -0.452832 1.07275 0.283919 0.441404 -0.273254 0.450512 0.390547 0.249099 0.797761 -0.0309278 0.694316 -0.53433 0.404454 22.201
state125: 0.468299 -0.499266 0.259726 0.0597731 -0.244625 -0.271012 0.929052 0.0707303 1.56134 -0.440594 1.08619 0.276245 0.471907 -0.272126 0.435806 0.377371 0.249631 0.78156 -0.0328792 0.661817 -0.547492 0.409789 22.1497
state126: 0.467071 -0.485397 0.264302 0.0582813 -0.23852 -0.284945 0.926562 0.0687656 1.56158 -0.428355 1.09963 0.268572 0.502409 -0.270576 0.421132 0.364182 0.249712 0.764954 -0.0347778 0.628274 -0.558978 0.415144 22.0987
state127: 0.465843 -0.471529 0.268877 0.0567756 -0.232358 -0.298809 0.92385 0.0668008 1.56182 -0.416116 1.11307 0.260898 0.532912 -0.268611 0.406501 0.350996 0.249343 0.747953 -0.0366179 0.593816 -0.568705 0.420503 22.0479
state128: 0.464616 -0.45766 0.273452 0.0552562 -0.22614 -0.312602 0.920917 0.0648361 1.56206 -0.403878 1.12651 0.253225 0.563415 -0.26624 0.391922 0.33783 0.248523 0.730564 -0.038393 0.558596 -0.576595 0.42585 21.9974
state129: 0.463388 -0.443792 0.278027 0.0537236 -0.219867 -0.32632 0.917762 0.0628714 1.5623 -0.391639 1.13995 0.245551 0.593917 -0.263471 0.377405 0.324698 0.247254 0.712795 -0.0400961 0.522788 -0.582581 0.431169 21.9471
state130: 0.46216 -0.429923 0.282602 0.0521781 -0.213542 -0.33996 0.914387 0.0609066 1.56254 -0.3794 1.15339 0.237878 0.62442 -0.260312 0.362961 0.311617 0.245537 0.694656 -0.0417197 0.486585 -0.586607 0.436442 21.8971
state131: 0.460932 -0.416055 0.287178 0.0506201 -0.207166 -0.353518 0.910793 0.0589419 1.56278 -0.367161 1.16683 0.230204 0.654922 -0.25677 0.348598 0.298603 0.243375 0.676154 -0.0432557 0.450194 -0.588633 0.441651 21.8473
state132: 0.459704 -0.402186 0.291753 0.0490499 -0.20074 -0.366992 0.906981 0.0569772 1.56302 -0.354923 1.18026 0.222531 0.685425 -0.252852 0.334326 0.28567 0.240769 0.657298 -0.0446953 0.413836 -0.58863 0.446777 21.7978
state133: 0.458476 -0.388318 0.296328 0.047468 -0.194266 -0.380377 0.902951 0.0550125 1.56326 -0.342684 1.1937 0.214857 0.715927 -0.248564 0.320155 0.272835 0.237724 0.638096 -0.0460295 0.377735 -0.586589 0.451804 21.7487
state134: 0.457248 -0.374449 0.300903 0.0458747 -0.187745 -0.393671 0.898705 0.0530477 1.5635 -0.330445 1.20714 0.207184 0.74643 -0.243912 0.306093 0.260111 0.234243 0.618558 -0.047249 0.342117 -0.582514 0.456712 21.6999
state135: 0.45602 -0.360581 0.305478 0.0442704 -0.181179 -0.406871 0.894243 0.051083 1.56374 -0.318207 1.22058 0.19951 0.776933 -0.238904 0.29215 0.247513 0.23033 0.598693 -0.0483438 0.307204 -0.576427 0.461485 21.6515
state136: 0.454792 -0.346712 0.310053 0.0426555 -0.17457 -0.419973 0.889566 0.0491183 1.56398 -0.305968 1.23402 0.191837 0.807435 -0.233543 0.278335 0.235056 0.22599 0.57851 -0.0493038 0.273208 -0.568365 0.466105 21.6385
state137: 0.453564 -0.332844 0.314629 0.0410303 -0.167919 -0.432975 0.884677 0.0471535 1.56422 -0.293729 1.24746 0.184163 0.837938 -0.227837 0.264657 0.222752 0.221228 0.558017 -0.0501186 0.240327 -0.558379 0.470557 21.6275
state138: 0.452337 -0.318975 0.319204 0.0393953 -0.161228 -0.445872 0.879575 0.0451888 1.56446 -0.28149 1.2609 0.17649 0.86844 -0.22179 0.251125 0.210616 0.21605 0.537226 -0.0507777 0.208742 -0.546536 0.474824 21.6132
state139: 0.451109 -0.305107 0.323779 0.0377509 -0.154498 -0.458663 0.874262 0.0432241 1.56471 -0.269252 1.27434 0.168816 0.898943 -0.215408 0.237747 0.198659 0.210463 0.516144 -0.0512703 0.178613 -0.532913 0.478892 21.5955
state140: 0.449881 -0.291238 0.328354 0.0360974 -0.147731 -0.471344 0.868739 0.0412593 1.56495 -0.257013 1.28778 0.161143 0.929446 -0.208695 0.224533 0.186893 0.204472 0.494783 -0.0515855 0.150081 -0.517598 0.482747 21.5745
state141: 0.448653 -0.27737 0.332929 0.0344352 -0.140928 -0.483912 0.863008 0.0392946 1.56519 -0.244774 1.30122 0.15347 0.959948 -0.201656 0.211491 0.175331 0.198085 0.473151 -0.0517125 0.123262 -0.500687 0.486376 21.5502
state142: 0.447425 -0.263501 0.337505 0.0327648 -0.134092 -0.496363 0.85707 0.0373299 1.56543 -0.232536 1.31466 0.145796 0.990451 -0.194297 0.19863 0.163984 0.191308 0.45126 -0.0516404 0.0982524 -0.482284 0.489767 21.5228
state143: 0.446197 -0.249633 0.34208 0.0310866 -0.127224 -0.508696 0.850927 0.0353651 1.56567 -0.220297 1.3281 0.138123 1.02095 -0.186621 0.185959 0.152861 0.18415 0.429118 -0.0513584 0.0751296 -0.462496 0.492908 21.4923
state144: 0.444969 -0.235764 0.346655 0.0294008 -0.120325 -0.520906 0.844579 0.0334004 1.56591 -0.208058 1.34153 0.130449 1.05146 -0.178634 0.173486 0.141972 0.176618 0.406738 -0.0508558 0.0539514 -0.441437 0.495789 21.4588
state145: 0.443741 -0.221896 0.35123 0.0277081 -0.113397 -0.532992 0.838029 0.0314357 1.56615 -0.195819 1.35497 0.122776 1.08196 -0.170341 0.161221 0.131328 0.168721 0.384128 -0.0501222 0.0347595 -0.419219 0.4984 21.4223
state146: 0.442513 -0.208027 0.355805 0.0260086 -0.106442 -0.54495 0.831278 0.029471 1.56639 -0.183581 1.36841 0.115102 1.11246 -0.161745 0.149172 0.120937 0.160466 0.3613 -0.0491474 0.0175819 -0.39596 0.500734 21.3831
state147: 0.441286 -0.194159 0.36038 0.024303 -0.0994615 -0.556777 0.824328 0.0275062 1.56663 -0.171342 1.38185 0.107429 1.14296 -0.152851 0.137346 0.110807 0.151863 0.338265 -0.0479214 0.002435 -0.371776 0.502782 21.341
state148: 0.440058 -0.18029 0.364956 0.0225915 -0.0924571 -0.568471 0.81718 0.0255415 1.56687 -0.159103 1.39529 0.0997552 1.17347 -0.143665 0.125754 0.100947 0.14292 0.315032 -0.0464347 -0.0106743 -0.346784 0.504539 21.2963
state149: 0.43883 -0.166422 0.369531 0.0208746 -0.0854306 -0.580028 0.809836 0.0235768 1.56711 -0.146865 1.40873 0.0920817 1.20397 -0.134191 0.114403 0.0913624 0.133646 0.291614 -0.0446782 -0.0217465 -0.321099 0.505998 21.249
state150: 0.437602 -0.152553 0.374106 0.0191527 -0.0783836 -0.591446 0.802297 0.021612 1.56735 -0.134626 1.42217 0.0844082 1.23447 -0.124434 0.103302 0.0820616 0.12405 0.26802 -0.0426431 -0.0307876 -0.294836 0.507157 21.1991
state151: 0.436374 -0.138685 0.378681 0.0174262 -0.0713177 -0.602722 0.794567 0.0196473 1.56759 -0.122387 1.43561 0.0767348 1.26497 -0.114399 0.0924587 0.0730504 0.114143 0.244263 -0.0403213 -0.0378074 -0.268111 0.508011 21.1468
state152: 0.435146 -0.124816 0.383256 0.0156955 -0.0642348 -0.613854 0.786645 0.0176826 1.56783 -0.110148 1.44905 0.0690613 1.29548 -0.104091 0.081882 0.0643349 0.103932 0.220352 -0.0377052 -0.0428185 -0.241035 0.508559 21.0921
state153: 0.433918 -0.110948 0.387832 0.013961 -0.0571364 -0.624839 0.778535 0.0157178 1.56807 -0.0979097 1.46249 0.0613878 1.32598 -0.0935158 0.0715798 0.0559206 0.0934281 0.196298 -0.0347878 -0.0458352 -0.213723 0.5088 21.0351
state154: 0.43269 -0.0970794 0.392407 0.0122232 -0.0500244 -0.635673 0.770239 0.0137531 1.56832 -0.085671 1.47593 0.0537143 1.35648 -0.0826786 0.0615604 0.0478126 0.0826404 0.172113 -0.0315629 -0.0468724 -0.186285 0.508736 20.9757
state155: 0.431462 -0.083211 0.396982 0.0104825 -0.0429004 -0.646356 0.761757 0.0117884 1.56856 -0.0734323 1.48937 0.0460409 1.38698 -0.0715852 0.0518317 0.0400157 0.0715787 0.147807 -0.0280247 -0.0459453 -0.158832 0.508368 20.9142
state156: 0.430235 -0.0693425 0.401557 0.00873927 -0.035766 -0.656883 0.753093 0.00982365 1.5688 -0.0611936 1.5028 0.0383674 1.41749 -0.0602417 0.0424017 0.0325345 0.0602526 0.123391 -0.0241685 -0.0430693 -0.131476 0.507701 20.8504
state157: 0.429007 -0.055474 0.406132 0.00699393 -0.0286231 -0.667253 0.744249 0.00785892 1.56904 -0.0489549 1.51624 0.0306939 1.44799 -0.0486543 0.0332781 0.025373 0.048672 0.0988736 -0.01999 -0.0382595 -0.104326 0.506738 20.7846
state158: 0.427779 -0.0416055 0.410707 0.00524692 -0.0214734 -0.677462 0.735225 0.00589419 1.56928 -0.0367161 1.52968 0.0230204 1.47849 -0.0368294 0.0244688 0.0185352 0.0368466 0.0742664 -0.015486 -0.0315314 -0.0774935 0.505486 20.7167
state159: 0.426551 -0.027737 0.415283 0.00349864 -0.0143184 -0.687509 0.726026 0.00392946 1.56952 -0.0244774 1.54312 0.015347 1.50899 -0.024774 0.0159811 0.0120249 0.0247862 0.0495789 -0.0106539 -0.0229007 -0.0510879 0.503953 20.6605
state160: 0.425323 -0.0138685 0.419858 0.00174953 -0.00716007 -0.697392 0.716652 0.00196473 1.56976 -0.0122387 1.55656 0.00767348 1.5395 -0.0124951 0.00782243 0.00584535 0.0125008 0.0248204 -0.00549216 -0.0123841 -0.0252199 0.502146 20.6214
state161: 0.424095 0 0.424433 0 0 -0.707107 0.707107 0 1.57 0 1.57 0 1.57 -0 0 -0 0 -0 0 -0 0 0.5 20.5815
end
