start_state_:  0 -0.25 0.2 0 0 0 1 0 1.57 0 1.57 0 1.57 -0 0 -0 0 -0 0 -0 0
goal_state_:  0 0 0.9 0 0 0 1 0 1.57 0 1.57 0 1.57 0 0 0 0 0 0 0 0
states: 154
planning_mode: 2
planning_time: 15.3805
motion_cost: 4.96778
minimum_var: 0.321694
minimum_var_state_entry: 71
state0:  0 -0.25 0.2 0 0 0 1 0 1.57 0 1.57 0 1.57 -0 0 -0 0 -0 0 -0 0
state1:  -0.0176205 -0.240829 0.223355 -0.00286415 0.00639164 -0.00399926 0.999967 0.00432591 1.54497 0.023113 1.55744 0.0360101 1.52473 0.00577973 -0.0127603 -0.0169315 -0.00621858 -0.0295559 0.0165381 -0.0208051 0.0286242
state2:  -0.0352411 -0.231659 0.246709 -0.00572811 0.0127829 -0.00799826 0.99987 0.00865182 1.51994 0.0462261 1.54489 0.0720202 1.47946 0.0116633 -0.0254735 -0.0334905 -0.013379 -0.0604589 0.0319329 -0.0453747 0.0565265
state3:  -0.0528616 -0.222488 0.270064 -0.00859169 0.0191733 -0.0119967 0.999707 0.0129777 1.4949 0.0693391 1.53233 0.10803 1.4342 0.0176521 -0.0381384 -0.0496393 -0.021463 -0.0926637 0.0461033 -0.0737628 0.0833034
state4:  -0.0704821 -0.213318 0.293418 -0.0114547 0.0255624 -0.0159944 0.99948 0.0173036 1.46987 0.0924522 1.51977 0.14404 1.38893 0.023748 -0.0507536 -0.0653412 -0.0304505 -0.126118 0.0589715 -0.105977 0.108546
state5:  -0.0881026 -0.204147 0.316773 -0.014317 0.0319499 -0.0199911 0.999187 0.0216296 1.44484 0.115565 1.50722 0.180051 1.34366 0.0299526 -0.0633177 -0.0805612 -0.0403197 -0.160765 0.0704642 -0.141976 0.131847
state6:  -0.105723 -0.194977 0.340127 -0.0171784 0.0383353 -0.0239864 0.998829 0.0259555 1.41981 0.138678 1.49466 0.216061 1.29839 0.0362677 -0.0758294 -0.0952659 -0.0510474 -0.19654 0.0805131 -0.181659 0.152811
state7:  -0.123344 -0.185806 0.363482 -0.0200386 0.0447182 -0.0279802 0.998407 0.0302814 1.39478 0.161791 1.48211 0.252071 1.25312 0.042695 -0.0882872 -0.109423 -0.0626092 -0.233372 0.0890557 -0.224871 0.171061
state8:  -0.140964 -0.176636 0.386836 -0.0228975 0.0510982 -0.0319722 0.997919 0.0346073 1.36974 0.184904 1.46955 0.288081 1.20786 0.0492364 -0.10069 -0.123002 -0.0749794 -0.271186 0.096036 -0.27139 0.186253
state9:  -0.158585 -0.167465 0.410191 -0.025755 0.0574749 -0.0359621 0.997367 0.0389332 1.34471 0.208017 1.45699 0.324091 1.16259 0.0558937 -0.113035 -0.135975 -0.0881309 -0.309901 0.101405 -0.32094 0.198082
state10:  -0.176205 -0.158294 0.433545 -0.0286107 0.0638478 -0.0399497 0.996749 0.0432591 1.31968 0.23113 1.44444 0.360101 1.11732 0.062669 -0.125322 -0.148312 -0.102036 -0.349431 0.105122 -0.373188 0.206301
state11:  -0.193826 -0.149124 0.4569 -0.0314646 0.0702166 -0.0439346 0.996067 0.047585 1.29465 0.254243 1.43188 0.396111 1.07205 0.0695642 -0.137549 -0.159987 -0.116666 -0.389688 0.107154 -0.427758 0.210722
state12:  -0.211446 -0.139953 0.480254 -0.0343165 0.0765808 -0.0479167 0.99532 0.0519109 1.26961 0.277357 1.41932 0.432121 1.02678 0.0765814 -0.149715 -0.170974 -0.131991 -0.430583 0.107478 -0.484245 0.211231
state13:  -0.229067 -0.130783 0.503609 -0.0371661 0.0829401 -0.0518957 0.994508 0.0562368 1.24458 0.30047 1.40677 0.468132 0.981516 0.0837227 -0.161817 -0.18125 -0.147982 -0.472024 0.106078 -0.542231 0.207788
state14:  -0.246687 -0.121612 0.526963 -0.0400133 0.0892939 -0.0558713 0.993632 0.0605627 1.21955 0.323583 1.39421 0.504142 0.936248 0.0909902 -0.173854 -0.190789 -0.164607 -0.513922 0.102949 -0.601306 0.200437
state15:  -0.264308 -0.112442 0.550318 -0.0428579 0.0956419 -0.0598433 0.992691 0.0648887 1.19452 0.346696 1.38165 0.540152 0.89098 0.0983861 -0.185824 -0.199568 -0.181835 -0.55619 0.0980945 -0.661085 0.189297
state16:  -0.281928 -0.103271 0.573672 -0.0456997 0.101984 -0.0638114 0.991685 0.0692146 1.16949 0.369809 1.3691 0.576162 0.845712 0.105913 -0.197725 -0.207563 -0.199634 -0.598745 0.0915276 -0.721226 0.174563
state17:  -0.299549 -0.0941006 0.597027 -0.0485386 0.108319 -0.0677753 0.990615 0.0735405 1.14445 0.392922 1.35654 0.612172 0.800444 0.113572 -0.209556 -0.214753 -0.217971 -0.641509 0.0832698 -0.781443 0.156499
state18:  -0.31717 -0.08493 0.620381 -0.0513743 0.114647 -0.0717348 0.98948 0.0778664 1.11942 0.416035 1.34399 0.648182 0.755176 0.121367 -0.221314 -0.221112 -0.236815 -0.684411 0.0733513 -0.841512 0.135428
state19:  -0.33479 -0.0757595 0.643736 -0.0542066 0.120968 -0.0756897 0.988281 0.0821923 1.09439 0.439148 1.33143 0.684192 0.709908 0.129299 -0.232997 -0.226618 -0.256132 -0.727388 0.0618102 -0.901273 0.111725
state20:  -0.352411 -0.0665889 0.66709 -0.0570354 0.127281 -0.0796396 0.987018 0.0865182 1.06936 0.462261 1.31887 0.720202 0.66464 0.137371 -0.244604 -0.231246 -0.275887 -0.770384 0.048692 -0.960631 0.0858035
state21:  -0.370031 -0.0574184 0.690445 -0.0598605 0.133585 -0.0835843 0.98569 0.0908441 1.04433 0.485374 1.30632 0.756213 0.619372 0.145586 -0.256132 -0.23497 -0.296047 -0.813356 0.0340488 -1.01955 0.0581118
state22:  -0.387652 -0.0482478 0.713799 -0.0626818 0.139881 -0.0875237 0.984299 0.09517 1.01929 0.508487 1.29376 0.792223 0.574104 0.153945 -0.267578 -0.237766 -0.316577 -0.856266 0.0179388 -1.07803 0.0291207
state23:  -0.405272 -0.0390773 0.737154 -0.0654989 0.146168 -0.0914573 0.982843 0.0994959 0.994262 0.5316 1.2812 0.828233 0.528836 0.162452 -0.278942 -0.239604 -0.337441 -0.89909 0.000425424 -1.13612 -0.000682212
state24:  -0.422893 -0.0299067 0.760508 -0.0683118 0.152445 -0.0953849 0.981323 0.103822 0.96923 0.554713 1.26865 0.864243 0.483569 0.171108 -0.290221 -0.240456 -0.358604 -0.941813 -0.0184233 -1.19389 -0.0307993
state25:  -0.440513 -0.0207362 0.783863 -0.0711202 0.158712 -0.0993064 0.97974 0.108148 0.944198 0.577826 1.25609 0.900253 0.438301 0.179917 -0.301411 -0.24029 -0.380028 -0.984431 -0.0385352 -1.2514 -0.0607288
state26:  -0.458134 -0.0115656 0.807217 -0.073924 0.164969 -0.103221 0.978093 0.112474 0.919166 0.600939 1.24353 0.936263 0.393033 0.188881 -0.312511 -0.239074 -0.401677 -1.02695 -0.0598351 -1.30873 -0.0899707
state27:  -0.475754 -0.00239506 0.830572 -0.076723 0.171215 -0.10713 0.976382 0.1168 0.894133 0.624052 1.23098 0.972273 0.347765 0.198003 -0.323519 -0.236772 -0.423509 -1.06938 -0.0822448 -1.36592 -0.118033
state28:  -0.493375 0.0067755 0.853926 -0.079517 0.177451 -0.111031 0.974608 0.121125 0.869101 0.647165 1.21842 1.00828 0.302497 0.207284 -0.334431 -0.233346 -0.445487 -1.11175 -0.105684 -1.42297 -0.144436
state29:  -0.510995 0.0159461 0.877281 -0.0823058 0.183674 -0.114925 0.97277 0.125451 0.844069 0.670278 1.20587 1.04429 0.257229 0.216728 -0.345245 -0.228756 -0.467568 -1.1541 -0.13007 -1.47985 -0.168725
state30:  -0.528616 0.0251166 0.900635 -0.0850893 0.189886 -0.118812 0.970869 0.129777 0.819037 0.693391 1.19331 1.0803 0.211961 0.226338 -0.355959 -0.222958 -0.48971 -1.19646 -0.155319 -1.53645 -0.190471
state31:  -0.546236 0.0342872 0.92399 0.0878673 -0.196085 0.122691 -0.968905 0.134103 0.794005 0.716504 1.18075 1.11631 0.166693 0.236115 -0.366569 -0.215905 -0.511867 -1.23888 -0.181346 -1.59262 -0.209289
state32:  -0.546236 0.0342872 0.92399 0.0878673 -0.196085 0.122691 -0.968905 0.134103 0.794005 0.716504 1.18075 1.11631 0.166693 0.236115 -0.366569 -0.215905 -0.511867 -1.23888 -0.181346 -1.59262 -0.209289
state33:  -0.549453 0.0370713 0.931398 0.0941315 -0.196556 0.136835 -0.966324 0.155794 0.803194 0.68505 1.18445 1.1032 0.145307 0.254794 -0.361965 -0.221645 -0.535243 -1.23224 -0.174614 -1.57866 -0.234001
state34:  -0.552669 0.0398554 0.938806 0.100373 -0.196978 0.150945 -0.963504 0.177486 0.812382 0.653595 1.18815 1.09009 0.123921 0.273271 -0.3568 -0.227452 -0.558111 -1.22511 -0.167947 -1.56431 -0.258873
state35:  -0.555885 0.0426396 0.946213 0.106589 -0.197352 0.165018 -0.960448 0.199177 0.821571 0.62214 1.19184 1.07698 0.102535 0.291523 -0.351083 -0.233315 -0.580461 -1.21748 -0.161348 -1.54952 -0.283898
state36:  -0.559101 0.0454237 0.953621 0.112779 -0.197678 0.179051 -0.957155 0.220868 0.83076 0.590686 1.19554 1.06386 0.0811487 0.309533 -0.344823 -0.239223 -0.602282 -1.20933 -0.154818 -1.53422 -0.309064
state37:  -0.562317 0.0482078 0.961029 0.118941 -0.197955 0.19304 -0.953626 0.242559 0.839949 0.559231 1.19924 1.05075 0.0597627 0.327281 -0.338029 -0.245162 -0.623561 -1.20066 -0.148355 -1.51836 -0.334357
state38:  -0.565533 0.050992 0.968437 0.125075 -0.198183 0.206981 -0.949863 0.26425 0.849137 0.527776 1.20294 1.03764 0.0383767 0.344749 -0.330712 -0.251123 -0.644288 -1.19145 -0.141958 -1.50186 -0.359758
state39:  -0.568749 0.0537761 0.975845 0.131177 -0.198362 0.220871 -0.945865 0.285941 0.858326 0.496321 1.20663 1.02452 0.0169907 0.361922 -0.322882 -0.257093 -0.66445 -1.18169 -0.135623 -1.48464 -0.385244
state40:  -0.571965 0.0565603 0.983253 0.137247 -0.198492 0.234706 -0.941635 0.307633 0.867515 0.464867 1.21033 1.01141 -0.00439528 0.378784 -0.314551 -0.263062 -0.684038 -1.17136 -0.129342 -1.46663 -0.410787
state41:  -0.575181 0.0593444 0.99066 0.143283 -0.198574 0.248484 -0.937173 0.329324 0.876703 0.433412 1.21403 0.998298 -0.0257813 0.395322 -0.30573 -0.269019 -0.703039 -1.16044 -0.123109 -1.44772 -0.436352
state42:  -0.578398 0.0621285 0.998068 0.149284 -0.198607 0.262201 -0.932481 0.351015 0.885892 0.401957 1.21773 0.985185 -0.0471673 0.411522 -0.296431 -0.274955 -0.721443 -1.14894 -0.116914 -1.42782 -0.461899
state43:  -0.581614 0.0649127 1.00548 0.155248 -0.19859 0.275853 -0.927559 0.372706 0.895081 0.370503 1.22142 0.972073 -0.0685533 0.427373 -0.286667 -0.280859 -0.739238 -1.13682 -0.110746 -1.40683 -0.487378
state44:  -0.58483 0.0676968 1.01288 0.161174 -0.198525 0.289437 -0.922408 0.394397 0.904269 0.339048 1.22512 0.95896 -0.0899393 0.442864 -0.276451 -0.286724 -0.756413 -1.12409 -0.104592 -1.38461 -0.512732
state45:  -0.588046 0.070481 1.02029 0.16706 -0.198411 0.30295 -0.91703 0.416089 0.913458 0.307593 1.22882 0.945847 -0.111325 0.457986 -0.265795 -0.292541 -0.772958 -1.11073 -0.0984374 -1.36105 -0.537894
state46:  -0.591262 0.0732651 1.0277 0.172906 -0.198249 0.316389 -0.911427 0.43778 0.922647 0.276139 1.23252 0.932734 -0.132711 0.472731 -0.254713 -0.298306 -0.788862 -1.09673 -0.0922667 -1.33602 -0.562784
state47:  -0.594478 0.0760492 1.03511 0.178708 -0.198037 0.329749 -0.905599 0.459471 0.931836 0.244684 1.23621 0.919621 -0.154097 0.487091 -0.243217 -0.304011 -0.804115 -1.08209 -0.0860625 -1.30938 -0.587313
state48:  -0.597694 0.0788334 1.04252 0.184467 -0.197777 0.343029 -0.899549 0.481162 0.941024 0.213229 1.23991 0.906509 -0.175483 0.501059 -0.231322 -0.309655 -0.818706 -1.06679 -0.0798063 -1.28097 -0.611378
state49:  -0.60091 0.0816175 1.04992 0.19018 -0.197468 0.356224 -0.893276 0.502853 0.950213 0.181775 1.24361 0.893396 -0.196869 0.51463 -0.21904 -0.315234 -0.832626 -1.05082 -0.0734782 -1.25067 -0.634859
state50:  -0.604127 0.0844016 1.05733 0.195846 -0.19711 0.369331 -0.886784 0.524544 0.959402 0.15032 1.2473 0.880283 -0.218255 0.527798 -0.206386 -0.320748 -0.845864 -1.03419 -0.0670574 -1.21832 -0.657625
state51:  -0.607343 0.0871858 1.06474 0.201464 -0.196704 0.382347 -0.880074 0.546236 0.96859 0.118865 1.251 0.86717 -0.239641 0.540561 -0.193372 -0.3262 -0.858412 -1.01688 -0.0605221 -1.18379 -0.679525
state52:  -0.610559 0.0899699 1.07215 0.207033 -0.196249 0.395269 -0.873147 0.567927 0.977779 0.0874105 1.2547 0.854057 -0.261027 0.552913 -0.180012 -0.331593 -0.870261 -0.998899 -0.0538497 -1.14695 -0.700395
state53:  -0.613775 0.0927541 1.07955 0.212551 -0.195746 0.408094 -0.866005 0.589618 0.986968 0.0559558 1.2584 0.840944 -0.282413 0.564853 -0.166319 -0.336933 -0.881402 -0.980236 -0.047017 -1.1077 -0.720051
state54:  -0.616991 0.0955382 1.08696 0.218016 -0.195195 0.420819 -0.85865 0.611309 0.996157 0.0245011 1.26209 0.827832 -0.303799 0.576378 -0.152306 -0.34223 -0.891828 -0.960893 -0.0400002 -1.06598 -0.738297
state55:  -0.620207 0.0983223 1.09437 0.223427 -0.194596 0.433439 -0.851083 0.633 1.00535 -0.0069536 1.26579 0.814719 -0.325185 0.587486 -0.137987 -0.347492 -0.90153 -0.940871 -0.0327754 -1.02175 -0.75492
state56:  -0.623423 0.101106 1.10178 0.228784 -0.193949 0.445954 -0.843307 0.654691 1.01453 -0.0384083 1.26949 0.801606 -0.346571 0.598175 -0.123375 -0.352735 -0.910504 -0.920173 -0.0253183 -0.975042 -0.769698
state57:  -0.626639 0.103891 1.10919 0.234084 -0.193254 0.458358 -0.835324 0.676383 1.02372 -0.069863 1.27319 0.788493 -0.367957 0.608444 -0.108483 -0.357973 -0.918741 -0.898801 -0.0176047 -0.925961 -0.782403
state58:  -0.629856 0.106675 1.11659 0.239327 -0.192511 0.470649 -0.827134 0.698074 1.03291 -0.101318 1.27688 0.77538 -0.389343 0.618292 -0.0933229 -0.363225 -0.926237 -0.87676 -0.00961062 -0.874678 -0.792803
state59:  -0.633072 0.109459 1.124 0.244511 -0.191722 0.482825 -0.818741 0.719765 1.0421 -0.132772 1.28058 0.762267 -0.410729 0.627718 -0.077908 -0.368511 -0.932986 -0.854056 -0.00131236 -0.82146 -0.800677
state60:  -0.636288 0.112243 1.13141 0.249634 -0.190885 0.494882 -0.810147 0.741456 1.05129 -0.164227 1.28428 0.749155 -0.432115 0.636722 -0.0622506 -0.373853 -0.938986 -0.830696 0.00731322 -0.766659 -0.805814
state61:  -0.639504 0.115027 1.13882 0.254696 -0.190001 0.506817 -0.801353 0.763147 1.06048 -0.195682 1.28797 0.736042 -0.453501 0.645303 -0.0463631 -0.379275 -0.944232 -0.80669 0.0162886 -0.710712 -0.808029
state62:  -0.64272 0.117811 1.14622 0.259696 -0.18907 0.518627 -0.792362 0.784838 1.06967 -0.227136 1.29167 0.722929 -0.474887 0.65346 -0.0302579 -0.384803 -0.948722 -0.782045 0.0256355 -0.65413 -0.807166
state63:  -0.645936 0.120595 1.15363 0.264631 -0.188093 0.530309 -0.783175 0.80653 1.07885 -0.258591 1.29537 0.709816 -0.496273 0.661193 -0.0139468 -0.390464 -0.952455 -0.756773 0.0353746 -0.597474 -0.80311
state64:  -0.649152 0.12338 1.16104 0.269501 -0.187069 0.541861 -0.773796 0.828221 1.08804 -0.290046 1.29907 0.696703 -0.517659 0.668502 0.00255813 -0.396284 -0.955429 -0.730885 0.0455254 -0.54133 -0.795788
state65:  -0.652368 0.126164 1.16845 0.274305 -0.185999 0.55328 -0.764227 0.849912 1.09723 -0.321501 1.30276 0.68359 -0.539045 0.675385 0.0192451 -0.402292 -0.957645 -0.704393 0.0561063 -0.48628 -0.785173
state66:  -0.655584 0.128948 1.17586 0.279042 -0.184884 0.564562 -0.754469 0.871603 1.10642 -0.352955 1.30646 0.670478 -0.560431 0.681842 0.0361023 -0.408515 -0.959104 -0.677308 0.0671344 -0.432874 -0.771287
state67:  -0.658801 0.131732 1.18326 0.283709 -0.183723 0.575705 -0.744526 0.893294 1.11561 -0.38441 1.31016 0.657365 -0.581817 0.687871 0.0531184 -0.414981 -0.959806 -0.649645 0.0786251 -0.381603 -0.754192
state68:  -0.662017 0.134516 1.19067 0.288307 -0.182517 0.586707 -0.734399 0.914986 1.1248 -0.415865 1.31386 0.644252 -0.603203 0.693471 0.0702817 -0.421716 -0.959755 -0.621415 0.0905926 -0.332886 -0.733988
state69:  -0.665233 0.1373 1.19808 0.292834 -0.181265 0.597564 -0.724091 0.936677 1.13399 -0.447319 1.31755 0.631139 -0.624589 0.698641 0.0875808 -0.428744 -0.958954 -0.592633 0.103049 -0.287056 -0.710808
state70:  -0.668449 0.140084 1.20549 0.297289 -0.17997 0.608274 -0.713605 0.958368 1.14318 -0.478774 1.32125 0.618026 -0.645975 0.703379 0.105005 -0.436089 -0.957407 -0.563311 0.116006 -0.244364 -0.684807
state71:  -0.671665 0.142869 1.2129 0.301671 -0.17863 0.618835 -0.702944 0.980059 1.15236 -0.510229 1.32495 0.604914 -0.667361 0.707682 0.122542 -0.443772 -0.955118 -0.533463 0.129471 -0.204976 -0.656159
state72:  -0.671665 0.142869 1.2129 0.301671 -0.17863 0.618835 -0.702944 0.980059 1.15236 -0.510229 1.32495 0.604914 -0.667361 0.707682 0.122542 -0.443772 -0.955118 -0.533463 0.129471 -0.204976 -0.656159
state73:  -0.670018 0.128505 1.21201 0.30523 -0.173445 0.607979 -0.712118 0.972723 1.154 -0.517092 1.32205 0.573729 -0.654471 0.708444 0.124442 -0.433926 -0.951268 -0.520829 0.126842 -0.214018 -0.626978
state74:  -0.66837 0.114142 1.21113 0.308717 -0.168218 0.596977 -0.721121 0.965387 1.15563 -0.523955 1.31916 0.542544 -0.641581 0.709266 0.126319 -0.424124 -0.947488 -0.508263 0.124194 -0.222602 -0.597514
state75:  -0.666723 0.0997786 1.21024 0.312128 -0.16295 0.585831 -0.729949 0.95805 1.15727 -0.530818 1.31626 0.511359 -0.628691 0.710147 0.128169 -0.414365 -0.943779 -0.495769 0.12153 -0.230742 -0.567779
state76:  -0.665075 0.0854153 1.20936 0.315464 -0.157643 0.574543 -0.738601 0.950714 1.1589 -0.537681 1.31336 0.480174 -0.615801 0.711085 0.129991 -0.404651 -0.94014 -0.483347 0.118852 -0.238451 -0.537782
state77:  -0.663428 0.071052 1.20847 0.318725 -0.152298 0.563117 -0.747074 0.943378 1.16053 -0.544544 1.31047 0.448989 -0.60291 0.712081 0.131783 -0.394983 -0.936574 -0.470999 0.116161 -0.24574 -0.507534
state78:  -0.661781 0.0566887 1.20759 0.321908 -0.146916 0.551554 -0.755367 0.936042 1.16217 -0.551407 1.30757 0.417805 -0.59002 0.713132 0.133544 -0.385363 -0.93308 -0.458727 0.113461 -0.252619 -0.477043
state79:  -0.660133 0.0423254 1.2067 0.325013 -0.141499 0.539858 -0.763478 0.928705 1.1638 -0.55827 1.30467 0.38662 -0.57713 0.714239 0.135271 -0.375792 -0.929659 -0.446533 0.110753 -0.259098 -0.44632
state80:  -0.658486 0.0279621 1.20582 0.32804 -0.136048 0.528032 -0.771404 0.921369 1.16544 -0.565133 1.30178 0.355435 -0.56424 0.7154 0.136963 -0.36627 -0.926312 -0.434417 0.108039 -0.265183 -0.415374
state81:  -0.656838 0.0135988 1.20493 0.330987 -0.130563 0.516078 -0.779143 0.914033 1.16707 -0.571997 1.29888 0.32425 -0.55135 0.716613 0.138619 -0.356801 -0.92304 -0.422382 0.105323 -0.270881 -0.384214
state82:  -0.655191 -0.000764502 1.20405 0.333855 -0.125047 0.504 -0.786695 0.906697 1.1687 -0.57886 1.29599 0.293065 -0.53846 0.717879 0.140236 -0.347383 -0.919843 -0.410428 0.102605 -0.276197 -0.352849
state83:  -0.653544 -0.0151278 1.20316 0.336642 -0.119501 0.491799 -0.794056 0.899361 1.17034 -0.585723 1.29309 0.261881 -0.52557 0.719195 0.141814 -0.338021 -0.916721 -0.398557 0.0998882 -0.281136 -0.321287
state84:  -0.651896 -0.0294911 1.20228 0.339347 -0.113926 0.47948 -0.801226 0.892024 1.17197 -0.592586 1.29019 0.230696 -0.51268 0.72056 0.14335 -0.328713 -0.913676 -0.38677 0.0971753 -0.285701 -0.289536
state85:  -0.650249 -0.0438544 1.20139 0.341971 -0.108324 0.467045 -0.808202 0.884688 1.17361 -0.599449 1.2873 0.199511 -0.499789 0.721974 0.144843 -0.319463 -0.910706 -0.375068 0.0944683 -0.289894 -0.257606
state86:  -0.648601 -0.0582177 1.20051 0.344512 -0.102695 0.454498 -0.814983 0.877352 1.17524 -0.606312 1.2844 0.168326 -0.486899 0.723434 0.146291 -0.310272 -0.907812 -0.363452 0.0917695 -0.293716 -0.225504
state87:  -0.646954 -0.072581 1.19962 0.34697 -0.0970417 0.44184 -0.821567 0.870016 1.17687 -0.613175 1.2815 0.137141 -0.474009 0.72494 0.147694 -0.30114 -0.904995 -0.351924 0.0890814 -0.297168 -0.193238
state88:  -0.645307 -0.0869443 1.19874 0.349343 -0.0913648 0.429076 -0.827952 0.862679 1.17851 -0.620038 1.27861 0.105956 -0.461119 0.726489 0.14905 -0.29207 -0.902255 -0.340484 0.0864062 -0.300249 -0.160817
state89:  -0.643659 -0.101308 1.19785 0.351633 -0.0856658 0.416208 -0.834138 0.855343 1.18014 -0.626901 1.27571 0.0747716 -0.448229 0.728081 0.150357 -0.283063 -0.899591 -0.329134 0.0837463 -0.302957 -0.128247
state90:  -0.642012 -0.115671 1.19697 0.353838 -0.0799462 0.40324 -0.840122 0.848007 1.18178 -0.633764 1.27282 0.0435868 -0.435339 0.729714 0.151614 -0.27412 -0.897004 -0.317873 0.0811042 -0.30529 -0.0955356
state91:  -0.640364 -0.130034 1.19608 0.355957 -0.0742072 0.390174 -0.845903 0.840671 1.18341 -0.640628 1.26992 0.012402 -0.422449 0.731386 0.15282 -0.265244 -0.894494 -0.306703 0.0784822 -0.307242 -0.0626913
state92:  -0.638717 -0.144398 1.1952 0.35799 -0.0684503 0.377014 -0.85148 0.833335 1.18504 -0.647491 1.26702 -0.0187828 -0.409558 0.733095 0.153974 -0.256435 -0.89206 -0.295625 0.0758826 -0.308809 -0.0297209
state93:  -0.63707 -0.158761 1.19431 0.359937 -0.0626769 0.363763 -0.856851 0.825998 1.18668 -0.654354 1.26413 -0.0499676 -0.396668 0.734841 0.155075 -0.247696 -0.889703 -0.284638 0.0733079 -0.309985 0.00336825
state94:  -0.635422 -0.173124 1.19343 0.361797 -0.0568883 0.350424 -0.862015 0.818662 1.18831 -0.661217 1.26123 -0.0811525 -0.383778 0.736621 0.156121 -0.239027 -0.887422 -0.273744 0.0707605 -0.310762 0.036569
state95:  -0.633775 -0.187487 1.19254 0.363569 -0.051086 0.337 -0.866971 0.811326 1.18995 -0.66808 1.25833 -0.112337 -0.370888 0.738433 0.157111 -0.230431 -0.885216 -0.262943 0.0682428 -0.311131 0.0698742
state96:  -0.632127 -0.201851 1.19166 0.365253 -0.0452714 0.323495 -0.871717 0.80399 1.19158 -0.674943 1.25544 -0.143522 -0.357998 0.740276 0.158045 -0.221909 -0.883086 -0.252236 0.065757 -0.311081 0.103277
state97:  -0.63048 -0.216214 1.19077 0.36685 -0.0394458 0.309912 -0.876253 0.796653 1.19321 -0.681806 1.25254 -0.174707 -0.345108 0.742148 0.158921 -0.213462 -0.88103 -0.241622 0.0633057 -0.310599 0.136769
state98:  -0.628833 -0.230577 1.18989 0.368357 -0.0336107 0.296254 -0.880577 0.789317 1.19485 -0.688669 1.24965 -0.205892 -0.332218 0.744048 0.15974 -0.205093 -0.879049 -0.231102 0.0608912 -0.309673 0.170345
state99:  -0.627185 -0.244941 1.189 0.369776 -0.0277674 0.282524 -0.884689 0.781981 1.19648 -0.695532 1.24675 -0.237077 -0.319328 0.745972 0.160499 -0.196803 -0.877142 -0.220677 0.0585159 -0.308285 0.203996
state100:  -0.625538 -0.259304 1.18812 0.371105 -0.0219175 0.268727 -0.888587 0.774645 1.19811 -0.702395 1.24385 -0.268261 -0.306437 0.74792 0.161198 -0.188592 -0.875308 -0.210345 0.056182 -0.306417 0.237715
state101:  -0.62389 -0.273667 1.18723 0.372345 -0.0160622 0.254864 -0.89227 0.767309 1.19975 -0.709259 1.24096 -0.299446 -0.293547 0.74989 0.161836 -0.180464 -0.873545 -0.200108 0.053892 -0.304048 0.271494
state102:  -0.622243 -0.288031 1.18635 0.373495 -0.0102031 0.240939 -0.895737 0.759972 1.20138 -0.716122 1.23806 -0.330631 -0.280657 0.751879 0.162414 -0.172419 -0.871855 -0.189965 0.0516481 -0.301156 0.305326
state103:  -0.620595 -0.302394 1.18546 0.374555 -0.00434155 0.226957 -0.898989 0.752636 1.20302 -0.722985 1.23516 -0.361816 -0.267767 0.753885 0.162929 -0.16446 -0.870235 -0.179916 0.0494527 -0.297713 0.339203
state104:  -0.618948 -0.316757 1.18458 0.375524 0.00152108 0.21292 -0.902023 0.7453 1.20465 -0.729848 1.23227 -0.393001 -0.254877 0.755907 0.163383 -0.156587 -0.868685 -0.16996 0.047308 -0.293688 0.373115
state105:  -0.617301 -0.331121 1.18369 0.376402 0.00738334 0.198831 -0.904839 0.737964 1.20628 -0.736711 1.22937 -0.424185 -0.241987 0.757943 0.163773 -0.148802 -0.867203 -0.160098 0.0452164 -0.289049 0.407055
state106:  -0.615653 -0.345484 1.18281 0.377189 0.0132438 0.184694 -0.907436 0.730627 1.20792 -0.743574 1.22647 -0.45537 -0.229097 0.75999 0.164101 -0.141107 -0.865789 -0.15033 0.0431799 -0.283757 0.441011
state107:  -0.614006 -0.359847 1.18192 0.377886 0.0191011 0.170512 -0.909815 0.723291 1.20955 -0.750437 1.22358 -0.486555 -0.216206 0.762046 0.164364 -0.133503 -0.864441 -0.140654 0.0412009 -0.277767 0.474975
state108:  -0.612358 -0.37421 1.18104 0.378491 0.0249538 0.15629 -0.911973 0.715955 1.21119 -0.7573 1.22068 -0.51774 -0.203316 0.76411 0.164565 -0.125992 -0.863159 -0.13107 0.0392815 -0.27103 0.508935
state109:  -0.610711 -0.388574 1.18015 0.379005 0.0308004 0.142029 -0.913912 0.708619 1.21282 -0.764163 1.21779 -0.548925 -0.190426 0.76618 0.164701 -0.118575 -0.861941 -0.121577 0.0374239 -0.26349 0.542879
state110:  -0.609064 -0.402937 1.17927 0.379427 0.0366396 0.127735 -0.915629 0.701283 1.21445 -0.771026 1.21489 -0.58011 -0.177536 0.768252 0.164773 -0.111253 -0.860785 -0.112175 0.0356301 -0.255083 0.576793
state111:  -0.607416 -0.4173 1.17838 0.379757 0.0424699 0.113409 -0.917126 0.693946 1.21609 -0.777889 1.21199 -0.611294 -0.164646 0.770326 0.164781 -0.104028 -0.85969 -0.102864 0.0339023 -0.245735 0.610664
state112:  -0.605769 -0.431664 1.1775 0.379996 0.04829 0.0990562 -0.9184 0.68661 1.21772 -0.784753 1.2091 -0.642479 -0.151756 0.7724 0.164725 -0.0969015 -0.858655 -0.0936415 0.0322425 -0.235363 0.644475
state113:  -0.604121 -0.446027 1.17661 0.380143 0.0540985 0.0846793 -0.919453 0.679274 1.21936 -0.791616 1.2062 -0.673664 -0.138866 0.77447 0.164605 -0.0898743 -0.857679 -0.0845074 0.0306527 -0.223871 0.678207
state114:  -0.602474 -0.46039 1.17573 0.380198 0.0598938 0.070282 -0.920284 0.671938 1.22099 -0.798479 1.2033 -0.704849 -0.125976 0.776536 0.164421 -0.082948 -0.856758 -0.0754605 0.0291348 -0.211148 0.71184
state115:  -0.600827 -0.474754 1.17484 0.380161 0.0656747 0.0558677 -0.920893 0.664601 1.22262 -0.805342 1.20041 -0.736034 -0.113085 0.778594 0.164173 -0.0761236 -0.855893 -0.0664999 0.0276908 -0.197066 0.74535
state116:  -0.599179 -0.489117 1.17396 0.380032 0.0714397 0.0414399 -0.921279 0.657265 1.22426 -0.812205 1.19751 -0.767218 -0.100195 0.780644 0.163861 -0.0694023 -0.855081 -0.0576243 0.0263225 -0.181479 0.778709
state117:  -0.597532 -0.50348 1.17307 0.379812 0.0771875 0.027002 -0.921442 0.649929 1.22589 -0.819068 1.19462 -0.798403 -0.0873051 0.782683 0.163486 -0.0627853 -0.854321 -0.0488326 0.0250318 -0.164214 0.811886
state118:  -0.595884 -0.517843 1.17219 0.3795 0.0829166 0.0125577 -0.921383 0.642593 1.22753 -0.825931 1.19172 -0.829588 -0.074415 0.784708 0.163049 -0.0562735 -0.85361 -0.0401233 0.0238204 -0.145071 0.844843
state119:  -0.594237 -0.532207 1.17131 0.379096 0.0886257 -0.00188967 -0.921102 0.635256 1.22916 -0.832794 1.18882 -0.860773 -0.0615249 0.786719 0.162549 -0.049868 -0.852947 -0.0314952 0.02269 -0.123819 0.877537
state120:  -0.59259 -0.54657 1.17042 0.3786 0.0943134 -0.0163366 -0.920598 0.62792 1.23079 -0.839657 1.18593 -0.891958 -0.0486347 0.788712 0.161987 -0.0435697 -0.852329 -0.0229468 0.0216423 -0.100185 0.909916
state121:  -0.590942 -0.560933 1.16954 0.378014 0.0999783 -0.0307796 -0.919871 0.620584 1.23243 -0.84652 1.18303 -0.923143 -0.0357446 0.790687 0.161363 -0.0373795 -0.851756 -0.0144765 0.0206789 -0.073848 0.941918
state122:  -0.589295 -0.575297 1.16865 0.377335 0.105619 -0.0452151 -0.918922 0.613248 1.23406 -0.853384 1.18013 -0.954327 -0.0228545 0.79264 0.160679 -0.0312981 -0.851224 -0.00608275 0.0198013 -0.0444349 0.97347
state123:  -0.587647 -0.58966 1.16777 0.376566 0.111234 -0.0596397 -0.917752 0.605912 1.2357 -0.860247 1.17724 -0.985512 -0.00996435 0.794571 0.159935 -0.0253262 -0.850732 0.00223609 0.0190109 -0.0115062 1.00448
state124:  -0.587647 -0.58966 1.16777 0.376566 0.111234 -0.0596397 -0.917752 0.605912 1.2357 -0.860247 1.17724 -0.985512 -0.00996435 0.794571 0.159935 -0.0253262 -0.850732 0.00223609 0.0190109 -0.0115062 1.00448
state125:  -0.567384 -0.569327 1.15853 0.364274 0.107603 -0.057693 -0.923254 0.585018 1.24722 -0.830583 1.19078 -0.951529 0.0445172 0.766495 0.157306 -0.045347 -0.82256 -0.00447143 0.0314305 0.0586593 0.981818
state126:  -0.54712 -0.548994 1.1493 0.35191 0.103951 -0.0557348 -0.928573 0.564125 1.25875 -0.800919 1.20433 -0.917546 0.0989987 0.738456 0.154438 -0.0626706 -0.793841 -0.0100576 0.0431904 0.123314 0.955415
state127:  -0.526856 -0.528661 1.14007 0.339476 0.100278 -0.0537655 -0.933707 0.543231 1.27028 -0.771256 1.21787 -0.883563 0.15348 0.710456 0.151334 -0.0775279 -0.764666 -0.0145744 0.0542263 0.18201 0.925495
state128:  -0.506593 -0.508328 1.13083 0.326975 0.0965855 -0.0517856 -0.938657 0.522338 1.28181 -0.741592 1.23141 -0.849579 0.207962 0.682497 0.147996 -0.0901292 -0.73512 -0.0180789 0.064477 0.234519 0.892316
state129:  -0.486329 -0.487994 1.1216 0.314409 0.0928736 -0.0497954 -0.94342 0.501444 1.29333 -0.711928 1.24496 -0.815596 0.262443 0.654582 0.144427 -0.100665 -0.705273 -0.0206334 0.0738855 0.280798 0.856169
state130:  -0.466065 -0.467661 1.11237 0.301781 0.0891433 -0.0477953 -0.947997 0.480551 1.30486 -0.682265 1.2585 -0.781613 0.316925 0.626712 0.140631 -0.109307 -0.675191 -0.0223048 0.082399 0.320936 0.817362
state131:  -0.445801 -0.447328 1.10313 0.289092 0.0853953 -0.0457858 -0.952385 0.459657 1.31639 -0.652601 1.27204 -0.74763 0.371406 0.59889 0.13661 -0.116209 -0.64493 -0.0231648 0.0899697 0.355112 0.77621
state132:  -0.425538 -0.426995 1.0939 0.276347 0.0816303 -0.0437672 -0.956584 0.438764 1.32792 -0.622937 1.28559 -0.713647 0.425888 0.571117 0.132369 -0.121508 -0.614541 -0.0232894 0.0965554 0.383557 0.733038
state133:  -0.405274 -0.406662 1.08467 0.263546 0.0778492 -0.0417399 -0.960594 0.41787 1.33945 -0.593274 1.29913 -0.679664 0.480369 0.543395 0.127911 -0.125327 -0.584068 -0.0227581 0.102119 0.406524 0.688171
state134:  -0.38501 -0.386329 1.07543 0.250694 0.0740526 -0.0397043 -0.964413 0.396977 1.35097 -0.56361 1.31267 -0.64568 0.534851 0.515724 0.123239 -0.127776 -0.553553 -0.0216535 0.106631 0.424267 0.641941
state135:  -0.364747 -0.365996 1.0662 0.237791 0.0702414 -0.0376608 -0.968041 0.376083 1.3625 -0.533946 1.32622 -0.611697 0.589332 0.488107 0.118358 -0.128954 -0.523031 -0.0200609 0.110068 0.437027 0.594679
state136:  -0.344483 -0.345663 1.05697 0.224842 0.0664162 -0.0356099 -0.971477 0.35519 1.37403 -0.504283 1.33976 -0.577714 0.643814 0.460543 0.113272 -0.128946 -0.492537 -0.0180672 0.112411 0.445022 0.546725
state137:  -0.324219 -0.32533 1.04773 0.211847 0.0625778 -0.0335519 -0.97472 0.334296 1.38556 -0.474619 1.3533 -0.543731 0.698296 0.433035 0.107986 -0.127832 -0.462099 -0.0157603 0.113651 0.448444 0.498424
state138:  -0.303956 -0.304997 1.0385 0.198811 0.0587271 -0.0314873 -0.97777 0.313403 1.39708 -0.444955 1.36685 -0.509748 0.752777 0.405581 0.102502 -0.125681 -0.431745 -0.0132283 0.113784 0.44746 0.450132
state139:  -0.283692 -0.284663 1.02927 0.185736 0.0548646 -0.0294164 -0.980626 0.292509 1.40861 -0.415291 1.38039 -0.475765 0.807259 0.378182 0.0968272 -0.122556 -0.401501 -0.0105586 0.112815 0.442209 0.402216
state140:  -0.263428 -0.26433 1.02003 0.172623 0.0509913 -0.0273397 -0.983287 0.271616 1.42014 -0.385628 1.39393 -0.441781 0.86174 0.350838 0.0909647 -0.118512 -0.37139 -0.00783714 0.110754 0.432813 0.355053
state141:  -0.243164 -0.243997 1.0108 0.159476 0.0471079 -0.0252575 -0.985754 0.250722 1.43167 -0.355964 1.40748 -0.407798 0.916222 0.32355 0.0849197 -0.113601 -0.341432 -0.00514743 0.107618 0.419374 0.309039
state142:  -0.222901 -0.223664 1.00157 0.146298 0.0432152 -0.0231704 -0.988025 0.229829 1.44319 -0.3263 1.42102 -0.373815 0.970703 0.296316 0.0786969 -0.107867 -0.311648 -0.00257001 0.103431 0.401991 0.26458
state143:  -0.202637 -0.203331 0.992333 0.133091 0.0393138 -0.0210786 -0.990099 0.208935 1.45472 -0.296637 1.43457 -0.339832 1.02518 0.269136 0.0723014 -0.101353 -0.282056 -0.000181654 0.0982229 0.38076 0.2221
state144:  -0.182373 -0.182998 0.9831 0.119857 0.0354047 -0.0189827 -0.991978 0.188042 1.46625 -0.266973 1.44811 -0.305849 1.07967 0.242008 0.0657383 -0.0940933 -0.252674 0.00194521 0.0920289 0.355792 0.182031
state145:  -0.16211 -0.162665 0.973866 0.1066 0.0314886 -0.016883 -0.99366 0.167148 1.47778 -0.237309 1.46165 -0.271865 1.13415 0.214933 0.0590126 -0.0861235 -0.223516 0.00374302 0.08489 0.327216 0.144819
state146:  -0.141846 -0.142332 0.964633 0.0933209 0.0275662 -0.01478 -0.995145 0.146255 1.48931 -0.207646 1.4752 -0.237882 1.18863 0.187908 0.0521297 -0.0774737 -0.194599 0.00514944 0.0768517 0.295199 0.110908
state147:  -0.121582 -0.121999 0.9554 0.0800237 0.0236383 -0.012674 -0.996432 0.125361 1.50083 -0.177982 1.48874 -0.203899 1.24311 0.160932 0.0450948 -0.0681722 -0.165937 0.00610773 0.067964 0.259951 0.0807431
state148:  -0.101319 -0.101666 0.946166 0.0667107 0.0197058 -0.0105655 -0.997522 0.104468 1.51236 -0.148318 1.50228 -0.169916 1.29759 0.134004 0.0379133 -0.0582447 -0.137542 0.00656688 0.0582804 0.221738 0.0547523
state149:  -0.0810548 -0.0813324 0.936933 0.0533845 0.0157693 -0.00845491 -0.998414 0.083574 1.52389 -0.118655 1.51583 -0.135933 1.35207 0.107121 0.0305906 -0.0477151 -0.109428 0.00648174 0.0478579 0.18089 0.0333408
state150:  -0.0607911 -0.0609993 0.9277 0.0400476 0.0118297 -0.00634265 -0.999108 0.0626805 1.53542 -0.088991 1.52937 -0.10195 1.40656 0.0802815 0.0231323 -0.0366056 -0.0816056 0.00581308 0.036756 0.137804 0.0168758
state151:  -0.0405274 -0.0406662 0.918467 0.0267028 0.00788778 -0.00422913 -0.999603 0.041787 1.54694 -0.0593274 1.54291 -0.0679664 1.46104 0.0534831 0.0155441 -0.024937 -0.0540867 0.00452746 0.0250365 0.0929403 0.00567394
state152:  -0.0202637 -0.0203331 0.909233 0.0133527 0.00394428 -0.00211478 -0.999901 0.0208935 1.55847 -0.0296637 1.55646 -0.0339832 1.51552 0.0267235 0.00783138 -0.012729 -0.0268816 0.00259716 0.0127629 0.0468182 -1.12163e-05
state153:  0 0 0.9 0 0 0 1 0 1.57 0 1.57 0 1.57 -0 0 -0 0 -0 0 -0 0
end
