start_state: -0.353413 0 -0.353694 0 0 -1 6.12323e-17 0 1.57 0 1.57 0 1.57
goal_state: 0.353413 0 0.353694 0 0 0 1 0 1.57 0 1.57 0 1.57
states: 178
planning_mode: 2
locomotion_mode: 1
planning_time: 13.7341
motion_cost: 11.0534
minimum_var: 0.296134
minimum_var_state_entry: 131
maximum_force : 22.5522
maximum_force_state_entry: 138
state0: -0.353413 0 -0.353694 0 0 -1 6.12323e-17 0 1.57 0 1.57 0 1.57 0.5 20.5815
state1: -0.353413 0 -0.353694 0 0 -1 6.12323e-17 0 1.57 0 1.57 0 1.57 0.5 20.5815
state2: -0.353413 0 -0.353694 0 0 -1 6.12323e-17 0 1.57 0 1.57 0 1.57 0.5 20.5815
state3: -0.348682 -0.00356507 -0.355672 0.0110064 0.0109079 -0.999878 -0.00211079 -0.0261253 1.55301 -0.00860989 1.5593 -0.0250482 1.56064 0.498581 20.5687
state4: -0.343951 -0.00713014 -0.35765 0.0220101 0.0218131 -0.999511 -0.00422107 -0.0522507 1.53601 -0.0172198 1.54859 -0.0500964 1.55128 0.496923 20.5559
state5: -0.33922 -0.0106952 -0.359628 0.0330085 0.032713 -0.9989 -0.00633032 -0.078376 1.51902 -0.0258297 1.53789 -0.0751447 1.54191 0.495049 20.5431
state6: -0.334489 -0.0142603 -0.361606 0.0439988 0.0436049 -0.998044 -0.00843801 -0.104501 1.50203 -0.0344396 1.52718 -0.100193 1.53255 0.492976 20.5303
state7: -0.329758 -0.0178253 -0.363585 0.0549783 0.0544861 -0.996944 -0.0105436 -0.130627 1.48503 -0.0430495 1.51648 -0.125241 1.52319 0.490721 20.5175
state8: -0.325027 -0.0213904 -0.365563 0.0659443 0.065354 -0.9956 -0.0126467 -0.156752 1.46804 -0.0516593 1.50577 -0.150289 1.51383 0.488299 20.5045
state9: -0.320296 -0.0249555 -0.367541 0.0768943 0.0762059 -0.994013 -0.0147467 -0.182877 1.45105 -0.0602692 1.49507 -0.175338 1.50446 0.485729 20.4916
state10: -0.315565 -0.0285206 -0.369519 0.0878254 0.0870391 -0.992183 -0.016843 -0.209003 1.43406 -0.0688791 1.48437 -0.200386 1.4951 0.483024 20.4785
state11: -0.310834 -0.0320856 -0.371497 0.098735 0.0978511 -0.99011 -0.0189352 -0.235128 1.41706 -0.077489 1.47366 -0.225434 1.48574 0.480202 20.4654
state12: -0.306103 -0.0356507 -0.373475 0.109621 0.108639 -0.987795 -0.0210228 -0.261253 1.40007 -0.0860989 1.46296 -0.250482 1.47638 0.477278 20.4523
state13: -0.301372 -0.0392158 -0.375453 0.120479 0.119401 -0.985238 -0.0231053 -0.287379 1.38308 -0.0947088 1.45225 -0.27553 1.46701 0.474264 20.4391
state14: -0.296641 -0.0427808 -0.377431 0.131308 0.130133 -0.982441 -0.0251821 -0.313504 1.36608 -0.103319 1.44155 -0.300579 1.45765 0.471176 20.4259
state15: -0.29191 -0.0463459 -0.379409 0.142106 0.140833 -0.979403 -0.0272528 -0.339629 1.34909 -0.111929 1.43085 -0.325627 1.44829 0.468025 20.4127
state16: -0.287179 -0.049911 -0.381387 0.152868 0.151499 -0.976125 -0.0293167 -0.365755 1.3321 -0.120538 1.42014 -0.350675 1.43893 0.464825 20.3996
state17: -0.282448 -0.053476 -0.383365 0.163593 0.162128 -0.972609 -0.0313736 -0.39188 1.3151 -0.129148 1.40944 -0.375723 1.42956 0.461585 20.3865
state18: -0.277717 -0.0570411 -0.385343 0.174278 0.172717 -0.968854 -0.0334227 -0.418005 1.29811 -0.137758 1.39873 -0.400772 1.4202 0.458317 20.3734
state19: -0.272986 -0.0606062 -0.387321 0.18492 0.183265 -0.964863 -0.0354637 -0.444131 1.28112 -0.146368 1.38803 -0.42582 1.41084 0.45503 20.3604
state20: -0.268255 -0.0641713 -0.3893 0.195517 0.193767 -0.960636 -0.037496 -0.470256 1.26412 -0.154978 1.37732 -0.450868 1.40148 0.451732 20.3476
state21: -0.263524 -0.0677363 -0.391278 0.206066 0.204222 -0.956174 -0.0395191 -0.496381 1.24713 -0.163588 1.36662 -0.475916 1.39212 0.448431 20.3349
state22: -0.258793 -0.0713014 -0.393256 0.216565 0.214626 -0.951478 -0.0415325 -0.522507 1.23014 -0.172198 1.35592 -0.500964 1.38275 0.445134 20.3223
state23: -0.254062 -0.0748665 -0.395234 0.227011 0.224979 -0.946549 -0.0435358 -0.548632 1.21314 -0.180808 1.34521 -0.526013 1.37339 0.441849 20.3099
state24: -0.249332 -0.0784315 -0.397212 0.237401 0.235276 -0.941389 -0.0455285 -0.574757 1.19615 -0.189418 1.33451 -0.551061 1.36403 0.438579 20.2977
state25: -0.244601 -0.0819966 -0.39919 0.247734 0.245516 -0.935998 -0.04751 -0.600882 1.17916 -0.198027 1.3238 -0.576109 1.35467 0.435331 20.2856
state26: -0.23987 -0.0855617 -0.401168 0.258005 0.255696 -0.930379 -0.0494799 -0.627008 1.16217 -0.206637 1.3131 -0.601157 1.3453 0.432108 20.2738
state27: -0.235139 -0.0891267 -0.403146 0.268214 0.265813 -0.924532 -0.0514377 -0.653133 1.14517 -0.215247 1.3024 -0.626206 1.33594 0.428914 20.2623
state28: -0.230408 -0.0926918 -0.405124 0.278357 0.275865 -0.918459 -0.0533829 -0.679258 1.12818 -0.223857 1.29169 -0.651254 1.32658 0.425753 20.2509
state29: -0.225677 -0.0962569 -0.407102 0.288432 0.28585 -0.912161 -0.055315 -0.705384 1.11119 -0.232467 1.28099 -0.676302 1.31722 0.422626 20.2399
state30: -0.220946 -0.099822 -0.40908 0.298436 0.295764 -0.90564 -0.0572336 -0.731509 1.09419 -0.241077 1.27028 -0.70135 1.30785 0.419537 20.229
state31: -0.216215 -0.103387 -0.411058 0.308368 0.305607 -0.898897 -0.0591382 -0.757634 1.0772 -0.249687 1.25958 -0.726398 1.29849 0.416486 20.2185
state32: -0.211484 -0.106952 -0.413037 0.318224 0.315375 -0.891935 -0.0610284 -0.78376 1.06021 -0.258297 1.24887 -0.751447 1.28913 0.413475 20.2081
state33: -0.206753 -0.110517 -0.415015 0.328002 0.325065 -0.884755 -0.0629036 -0.809885 1.04321 -0.266907 1.23817 -0.776495 1.27977 0.410506 20.1981
state34: -0.202022 -0.114082 -0.416993 0.337699 0.334676 -0.877358 -0.0647635 -0.83601 1.02622 -0.275516 1.22747 -0.801543 1.2704 0.407578 20.1883
state35: -0.197291 -0.117647 -0.418971 0.347315 0.344205 -0.869746 -0.0666075 -0.862136 1.00923 -0.284126 1.21676 -0.826591 1.26104 0.404692 20.1788
state36: -0.19256 -0.121212 -0.420949 0.356845 0.35365 -0.861922 -0.0684352 -0.888261 0.992235 -0.292736 1.20606 -0.85164 1.25168 0.401849 20.1696
state37: -0.187829 -0.124777 -0.422927 0.366288 0.363009 -0.853887 -0.0702461 -0.914386 0.975242 -0.301346 1.19535 -0.876688 1.24232 0.399048 20.1606
state38: -0.183098 -0.128343 -0.424905 0.375642 0.372279 -0.845643 -0.0720399 -0.940512 0.958248 -0.309956 1.18465 -0.901736 1.23296 0.396289 20.1518
state39: -0.178367 -0.131908 -0.426883 0.384903 0.381457 -0.837192 -0.0738161 -0.966637 0.941255 -0.318566 1.17394 -0.926784 1.22359 0.393572 20.1433
state40: -0.173636 -0.135473 -0.428861 0.394071 0.390543 -0.828537 -0.0755742 -0.992762 0.924262 -0.327176 1.16324 -0.951832 1.21423 0.390896 20.1351
state41: -0.168905 -0.139038 -0.430839 0.403142 0.399532 -0.819679 -0.0773138 -1.01889 0.907269 -0.335786 1.15254 -0.976881 1.20487 0.38826 20.1271
state42: -0.164174 -0.142603 -0.432817 0.412114 0.408425 -0.81062 -0.0790346 -1.04501 0.890276 -0.344396 1.14183 -1.00193 1.19551 0.385665 20.1193
state43: -0.159443 -0.146168 -0.434795 0.420986 0.417217 -0.801363 -0.0807359 -1.07114 0.873283 -0.353006 1.13113 -1.02698 1.18614 0.383108 20.1117
state44: -0.154712 -0.149733 -0.436773 0.429754 0.425907 -0.79191 -0.0824176 -1.09726 0.85629 -0.361615 1.12042 -1.05203 1.17678 0.38059 20.1043
state45: -0.149981 -0.153298 -0.438752 0.438418 0.434493 -0.782264 -0.0840791 -1.12339 0.839297 -0.370225 1.10972 -1.07707 1.16742 0.378111 20.0971
state46: -0.14525 -0.156863 -0.44073 0.446974 0.442973 -0.772426 -0.08572 -1.14951 0.822304 -0.378835 1.09902 -1.10212 1.15806 0.375669 20.09
state47: -0.140519 -0.160428 -0.442708 0.455421 0.451344 -0.762399 -0.0873399 -1.17564 0.805311 -0.387445 1.08831 -1.12717 1.14869 0.373264 20.083
state48: -0.135789 -0.163993 -0.444686 0.463757 0.459605 -0.752186 -0.0889385 -1.20176 0.788318 -0.396055 1.07761 -1.15222 1.13933 0.370896 20.0761
state49: -0.131058 -0.167558 -0.446664 0.471979 0.467753 -0.741788 -0.0905153 -1.22789 0.771324 -0.404665 1.0669 -1.17727 1.12997 0.368565 20.0692
state50: -0.131058 -0.167558 -0.446664 0.471979 0.467753 -0.741788 -0.0905153 -1.22789 0.771324 -0.404665 1.0669 -1.17727 1.12997 0.368565 20.0692
state51: -0.115923 -0.168288 -0.416894 0.474591 0.469289 -0.738902 -0.0924936 -1.22871 0.751217 -0.387636 1.0448 -1.17997 1.10666 0.369784 20.0971
state52: -0.100788 -0.169018 -0.387124 0.477194 0.470814 -0.736 -0.0944698 -1.22954 0.731109 -0.370607 1.0227 -1.18266 1.08336 0.370678 20.1247
state53: -0.0856538 -0.169747 -0.357353 0.479786 0.472329 -0.733082 -0.0964441 -1.23036 0.711002 -0.353578 1.0006 -1.18536 1.06005 0.371248 20.152
state54: -0.0705192 -0.170477 -0.327583 0.482368 0.473834 -0.730149 -0.0984162 -1.23118 0.690894 -0.336549 0.978498 -1.18806 1.03675 0.3715 20.1791
state55: -0.0553846 -0.171207 -0.297813 0.48494 0.475328 -0.7272 -0.100386 -1.23201 0.670787 -0.319521 0.956397 -1.19076 1.01344 0.371439 20.2058
state56: -0.04025 -0.171937 -0.268043 0.487501 0.476813 -0.724235 -0.102354 -1.23283 0.650679 -0.302492 0.934295 -1.19346 0.990137 0.371069 20.2321
state57: -0.0251154 -0.172666 -0.238273 0.490052 0.478287 -0.721255 -0.10432 -1.23366 0.630572 -0.285463 0.912194 -1.19616 0.966831 0.370398 20.258
state58: -0.00998085 -0.173396 -0.208502 0.492592 0.479751 -0.718259 -0.106283 -1.23448 0.610464 -0.268434 0.890093 -1.19886 0.943526 0.36943 20.2833
state59: 0.00515374 -0.174126 -0.178732 0.495122 0.481205 -0.715248 -0.108245 -1.2353 0.590357 -0.251405 0.867992 -1.20156 0.92022 0.368173 20.3079
state60: 0.0202883 -0.174856 -0.148962 0.497641 0.482649 -0.712221 -0.110203 -1.23613 0.570249 -0.234376 0.84589 -1.20426 0.896915 0.366634 20.3316
state61: 0.0354229 -0.175585 -0.119192 0.500149 0.484082 -0.70918 -0.11216 -1.23695 0.550142 -0.217347 0.823789 -1.20696 0.873609 0.364821 20.3542
state62: 0.0505575 -0.176315 -0.0894217 0.502647 0.485505 -0.706123 -0.114114 -1.23777 0.530034 -0.200319 0.801688 -1.20966 0.850304 0.362742 20.3757
state63: 0.0656921 -0.177045 -0.0596516 0.505134 0.486917 -0.703051 -0.116066 -1.2386 0.509927 -0.18329 0.779587 -1.21235 0.826998 0.360406 20.3958
state64: 0.0808267 -0.177774 -0.0298814 0.50761 0.488319 -0.699964 -0.118015 -1.23942 0.489819 -0.166261 0.757485 -1.21505 0.803693 0.357822 20.4144
state65: 0.0959613 -0.178504 -0.000111207 0.510075 0.48971 -0.696862 -0.119962 -1.24024 0.469712 -0.149232 0.735384 -1.21775 0.780387 0.354999 20.4312
state66: 0.111096 -0.179234 0.029659 0.512529 0.491091 -0.693745 -0.121906 -1.24107 0.449604 -0.132203 0.713283 -1.22045 0.757082 0.351949 20.4463
state67: 0.12623 -0.179964 0.0594291 0.514973 0.492462 -0.690613 -0.123847 -1.24189 0.429496 -0.115174 0.691182 -1.22315 0.733776 0.348679 20.4594
state68: 0.141365 -0.180693 0.0891993 0.517405 0.493822 -0.687466 -0.125786 -1.24272 0.409389 -0.0981453 0.66908 -1.22585 0.710471 0.3452 20.4705
state69: 0.1565 -0.181423 0.11897 0.519826 0.495171 -0.684305 -0.127722 -1.24354 0.389281 -0.0811165 0.646979 -1.22855 0.687165 0.341522 20.4796
state70: 0.171634 -0.182153 0.14874 0.522236 0.49651 -0.681129 -0.129655 -1.24436 0.369174 -0.0640876 0.624878 -1.23125 0.66386 0.337654 20.4868
state71: 0.186769 -0.182882 0.17851 0.524635 0.497838 -0.677938 -0.131586 -1.24519 0.349066 -0.0470588 0.602777 -1.23395 0.640554 0.333603 20.492
state72: 0.201903 -0.183612 0.20828 0.527023 0.499155 -0.674733 -0.133514 -1.24601 0.328959 -0.0300299 0.580675 -1.23665 0.617249 0.329379 20.4955
state73: 0.217038 -0.184342 0.23805 0.529399 0.500462 -0.671514 -0.135439 -1.24683 0.308851 -0.013001 0.558574 -1.23935 0.593943 0.32499 20.4973
state74: 0.232173 -0.185072 0.26782 0.531764 0.501758 -0.66828 -0.137361 -1.24766 0.288744 0.00402783 0.536473 -1.24204 0.570638 0.320441 20.4979
state75: 0.247307 -0.185801 0.297591 0.534118 0.503043 -0.665031 -0.13928 -1.24848 0.268636 0.0210567 0.514372 -1.24474 0.547332 0.315742 20.4974
state76: 0.262442 -0.186531 0.327361 0.53646 0.504318 -0.661769 -0.141196 -1.2493 0.248529 0.0380856 0.49227 -1.24744 0.524027 0.310899 20.4961
state77: 0.277576 -0.187261 0.357131 0.538791 0.505581 -0.658492 -0.143109 -1.25013 0.228421 0.0551144 0.470169 -1.25014 0.500721 0.30592 20.4943
state78: 0.292711 -0.187991 0.386901 0.54111 0.506834 -0.655201 -0.145019 -1.25095 0.208314 0.0721433 0.448068 -1.25284 0.477416 0.300812 20.4923
state79: 0.292711 -0.187991 0.386901 0.54111 0.506834 -0.655201 -0.145019 -1.25095 0.208314 0.0721433 0.448068 -1.25284 0.477416 0.300812 20.4923
state80: 0.304294 -0.19138 0.392738 0.542672 0.501187 -0.654899 -0.159454 -1.25065 0.217606 0.0688625 0.461259 -1.25167 0.49501 0.30459 20.5235
state81: 0.315876 -0.19477 0.398574 0.544102 0.495418 -0.654439 -0.173851 -1.25035 0.226899 0.0655817 0.47445 -1.2505 0.512604 0.308172 20.5546
state82: 0.327459 -0.198159 0.404411 0.5454 0.489529 -0.653819 -0.188205 -1.25004 0.236191 0.0623009 0.487641 -1.24933 0.530198 0.311555 20.5857
state83: 0.339041 -0.201549 0.410248 0.546565 0.48352 -0.653041 -0.202514 -1.24974 0.245484 0.0590201 0.500832 -1.24815 0.547792 0.314737 20.6166
state84: 0.350624 -0.204939 0.416084 0.547598 0.477395 -0.652104 -0.216773 -1.24944 0.254776 0.0557393 0.514023 -1.24698 0.565386 0.317717 20.6476
state85: 0.362206 -0.208328 0.421921 0.548498 0.471153 -0.651009 -0.23098 -1.24913 0.264069 0.0524585 0.527214 -1.24581 0.582981 0.320492 20.6786
state86: 0.373789 -0.211718 0.427758 0.549265 0.464797 -0.649756 -0.24513 -1.24883 0.273362 0.0491777 0.540405 -1.24464 0.600575 0.323062 20.7097
state87: 0.385372 -0.215108 0.433595 0.549898 0.458329 -0.648345 -0.259222 -1.24853 0.282654 0.045897 0.553596 -1.24347 0.618169 0.325426 20.7408
state88: 0.396954 -0.218497 0.439431 0.550398 0.451748 -0.646777 -0.27325 -1.24822 0.291947 0.0426162 0.566787 -1.2423 0.635763 0.327585 20.772
state89: 0.408537 -0.221887 0.445268 0.550764 0.445059 -0.645051 -0.287212 -1.24792 0.301239 0.0393354 0.579978 -1.24112 0.653357 0.329538 20.8033
state90: 0.420119 -0.225277 0.451105 0.550996 0.438261 -0.643169 -0.301104 -1.24762 0.310532 0.0360546 0.593168 -1.23995 0.670951 0.331286 20.8348
state91: 0.431702 -0.228666 0.456941 0.551095 0.431357 -0.641131 -0.314923 -1.24732 0.319824 0.0327738 0.606359 -1.23878 0.688546 0.332831 20.8664
state92: 0.443284 -0.232056 0.462778 0.55106 0.424348 -0.638938 -0.328666 -1.24701 0.329117 0.029493 0.61955 -1.23761 0.70614 0.334176 20.8981
state93: 0.454867 -0.235446 0.468615 0.550891 0.417236 -0.636589 -0.342328 -1.24671 0.338409 0.0262122 0.632741 -1.23644 0.723734 0.335322 20.93
state94: 0.46645 -0.238835 0.474451 0.550588 0.410023 -0.634085 -0.355908 -1.24641 0.347702 0.0229314 0.645932 -1.23527 0.741328 0.336274 20.9621
state95: 0.478032 -0.242225 0.480288 0.550152 0.40271 -0.631428 -0.369401 -1.2461 0.356994 0.0196506 0.659123 -1.23409 0.758922 0.337035 20.9944
state96: 0.489615 -0.245615 0.486125 0.549582 0.395299 -0.628617 -0.382805 -1.2458 0.366287 0.0163698 0.672314 -1.23292 0.776516 0.337611 21.0268
state97: 0.501197 -0.249004 0.491961 0.548878 0.387793 -0.625653 -0.396116 -1.2455 0.37558 0.013089 0.685505 -1.23175 0.79411 0.338005 21.0595
state98: 0.51278 -0.252394 0.497798 0.548041 0.380192 -0.622538 -0.40933 -1.24519 0.384872 0.00980826 0.698696 -1.23058 0.811705 0.338225 21.0923
state99: 0.524362 -0.255784 0.503635 0.547072 0.372499 -0.619272 -0.422445 -1.24489 0.394165 0.00652746 0.711887 -1.22941 0.829299 0.338277 21.1253
state100: 0.535945 -0.259173 0.509471 0.545969 0.364715 -0.615855 -0.435458 -1.24459 0.403457 0.00324667 0.725078 -1.22824 0.846893 0.338168 21.1585
state101: 0.547528 -0.262563 0.515308 0.544734 0.356843 -0.612288 -0.448364 -1.24429 0.41275 -3.41162e-05 0.738269 -1.22706 0.864487 0.337905 21.1919
state102: 0.55911 -0.265952 0.521145 0.543367 0.348885 -0.608573 -0.461162 -1.24398 0.422042 -0.00331491 0.75146 -1.22589 0.882081 0.337496 21.2254
state103: 0.570693 -0.269342 0.526981 0.541867 0.340841 -0.604711 -0.473848 -1.24368 0.431335 -0.0065957 0.764651 -1.22472 0.899675 0.336949 21.2591
state104: 0.582275 -0.272732 0.532818 0.540236 0.332715 -0.600701 -0.486419 -1.24338 0.440627 -0.00987649 0.777842 -1.22355 0.91727 0.336275 21.2928
state105: 0.593858 -0.276121 0.538655 0.538474 0.324508 -0.596546 -0.498872 -1.24307 0.44992 -0.0131573 0.791033 -1.22238 0.934864 0.33548 21.3267
state106: 0.60544 -0.279511 0.544491 0.536582 0.316223 -0.592245 -0.511203 -1.24277 0.459212 -0.0164381 0.804224 -1.22121 0.952458 0.334574 21.3606
state107: 0.617023 -0.282901 0.550328 0.534559 0.30786 -0.587801 -0.523411 -1.24247 0.468505 -0.0197189 0.817415 -1.22003 0.970052 0.333567 21.3945
state108: 0.628606 -0.28629 0.556165 0.532406 0.299423 -0.583214 -0.535491 -1.24216 0.477797 -0.0229997 0.830606 -1.21886 0.987646 0.332467 21.4284
state109: 0.640188 -0.28968 0.562001 0.530124 0.290913 -0.578486 -0.547442 -1.24186 0.48709 -0.0262804 0.843797 -1.21769 1.00524 0.331284 21.4622
state110: 0.651771 -0.29307 0.567838 0.527713 0.282332 -0.573617 -0.559259 -1.24156 0.496383 -0.0295612 0.856988 -1.21652 1.02283 0.330028 21.496
state111: 0.663353 -0.296459 0.573675 0.525174 0.273683 -0.568609 -0.570941 -1.24126 0.505675 -0.032842 0.870178 -1.21535 1.04043 0.328706 21.5295
state112: 0.674936 -0.299849 0.579511 0.522507 0.264968 -0.563463 -0.582484 -1.24095 0.514968 -0.0361228 0.883369 -1.21418 1.05802 0.327327 21.5628
state113: 0.686518 -0.303239 0.585348 0.519714 0.256188 -0.55818 -0.593886 -1.24065 0.52426 -0.0394036 0.89656 -1.213 1.07562 0.325902 21.5958
state114: 0.698101 -0.306628 0.591185 0.516794 0.247346 -0.552761 -0.605143 -1.24035 0.533553 -0.0426844 0.909751 -1.21183 1.09321 0.324436 21.6284
state115: 0.709684 -0.310018 0.597021 0.513749 0.238444 -0.547209 -0.616254 -1.24004 0.542845 -0.0459652 0.922942 -1.21066 1.11081 0.322939 21.6605
state116: 0.721266 -0.313408 0.602858 0.51058 0.229484 -0.541523 -0.627215 -1.23974 0.552138 -0.049246 0.936133 -1.20949 1.1284 0.321419 21.6921
state117: 0.732849 -0.316797 0.608695 0.507286 0.220468 -0.535706 -0.638024 -1.23944 0.56143 -0.0525268 0.949324 -1.20832 1.14599 0.319881 21.723
state118: 0.744431 -0.320187 0.614531 0.503869 0.211398 -0.529759 -0.648677 -1.23914 0.570723 -0.0558076 0.962515 -1.20715 1.16359 0.318334 21.7531
state119: 0.756014 -0.323577 0.620368 0.50033 0.202278 -0.523683 -0.659174 -1.23883 0.580015 -0.0590883 0.975706 -1.20597 1.18118 0.316783 21.7824
state120: 0.767596 -0.326966 0.626205 0.496669 0.193108 -0.51748 -0.66951 -1.23853 0.589308 -0.0623691 0.988897 -1.2048 1.19878 0.315234 21.8107
state121: 0.779179 -0.330356 0.632041 0.492888 0.183891 -0.511152 -0.679683 -1.23823 0.598601 -0.0656499 1.00209 -1.20363 1.21637 0.313694 21.838
state122: 0.779179 -0.330356 0.632041 0.492888 0.183891 -0.511152 -0.679683 -1.23823 0.598601 -0.0656499 1.00209 -1.20363 1.21637 0.313694 21.838
state123: 0.771241 -0.324126 0.626866 0.485679 0.181235 -0.503797 -0.690983 -1.21493 0.61683 -0.06442 1.01276 -1.18115 1.22299 0.310244 21.9084
state124: 0.763302 -0.317895 0.621691 0.478354 0.178536 -0.496321 -0.702117 -1.19164 0.63506 -0.06319 1.02343 -1.15867 1.2296 0.307118 21.9781
state125: 0.755364 -0.311665 0.616516 0.470913 0.175793 -0.488726 -0.713082 -1.16834 0.653289 -0.06196 1.03409 -1.13619 1.23622 0.304342 22.0467
state126: 0.747425 -0.305435 0.611341 0.463359 0.173008 -0.481012 -0.723874 -1.14504 0.671518 -0.06073 1.04476 -1.11371 1.24284 0.301939 22.1133
state127: 0.739487 -0.299205 0.606166 0.455693 0.170182 -0.473183 -0.734493 -1.12175 0.689748 -0.0595 1.05543 -1.09123 1.24945 0.299931 22.1774
state128: 0.731548 -0.292975 0.600991 0.447917 0.167314 -0.46524 -0.744935 -1.09845 0.707977 -0.0582701 1.0661 -1.06875 1.25607 0.298333 22.2384
state129: 0.72361 -0.286745 0.595815 0.440034 0.164406 -0.457186 -0.755197 -1.07516 0.726207 -0.0570401 1.07677 -1.04627 1.26269 0.297162 22.2955
state130: 0.715671 -0.280514 0.59064 0.432045 0.161459 -0.449021 -0.765277 -1.05186 0.744436 -0.0558101 1.08744 -1.02379 1.2693 0.296426 22.3481
state131: 0.707733 -0.274284 0.585465 0.423951 0.158472 -0.440747 -0.775173 -1.02857 0.762666 -0.0545801 1.09811 -1.00131 1.27592 0.296134 22.3957
state132: 0.699794 -0.268054 0.58029 0.415756 0.155448 -0.432368 -0.784883 -1.00527 0.780895 -0.0533502 1.10878 -0.97883 1.28254 0.296291 22.4376
state133: 0.691856 -0.261824 0.575115 0.40746 0.152386 -0.423885 -0.794403 -0.981976 0.799125 -0.0521202 1.11944 -0.95635 1.28915 0.296898 22.4734
state134: 0.683917 -0.255594 0.56994 0.399067 0.149287 -0.415299 -0.803732 -0.958681 0.817354 -0.0508902 1.13011 -0.93387 1.29577 0.297956 22.5027
state135: 0.675979 -0.249364 0.564765 0.390577 0.146153 -0.406614 -0.812868 -0.935385 0.835584 -0.0496602 1.14078 -0.91139 1.30239 0.299459 22.5253
state136: 0.668041 -0.243133 0.559589 0.381993 0.142983 -0.39783 -0.821808 -0.91209 0.853813 -0.0484303 1.15145 -0.88891 1.309 0.301403 22.5411
state137: 0.660102 -0.236903 0.554414 0.373317 0.139778 -0.388951 -0.83055 -0.888794 0.872043 -0.0472003 1.16212 -0.86643 1.31562 0.303779 22.55
state138: 0.652164 -0.230673 0.549239 0.364551 0.136541 -0.379978 -0.839092 -0.865499 0.890272 -0.0459703 1.17279 -0.84395 1.32224 0.306577 22.5522
state139: 0.644225 -0.224443 0.544064 0.355698 0.13327 -0.370914 -0.847432 -0.842203 0.908502 -0.0447403 1.18346 -0.82147 1.32885 0.309785 22.5479
state140: 0.636287 -0.218213 0.538889 0.346759 0.129967 -0.36176 -0.855568 -0.818908 0.926731 -0.0435103 1.19412 -0.79899 1.33547 0.313387 22.5372
state141: 0.628348 -0.211983 0.533714 0.337736 0.126633 -0.35252 -0.863498 -0.795612 0.944961 -0.0422804 1.20479 -0.77651 1.34209 0.317368 22.5207
state142: 0.62041 -0.205752 0.528539 0.328632 0.123268 -0.343194 -0.87122 -0.772317 0.96319 -0.0410504 1.21546 -0.75403 1.3487 0.321709 22.4986
state143: 0.612471 -0.199522 0.523363 0.319449 0.119874 -0.333786 -0.878732 -0.749022 0.98142 -0.0398204 1.22613 -0.73155 1.35532 0.326391 22.4715
state144: 0.604533 -0.193292 0.518188 0.310189 0.116451 -0.324297 -0.886032 -0.725726 0.999649 -0.0385904 1.2368 -0.70907 1.36194 0.331392 22.4397
state145: 0.596594 -0.187062 0.513013 0.300854 0.112999 -0.31473 -0.89312 -0.702431 1.01788 -0.0373605 1.24747 -0.68659 1.36856 0.336689 22.4038
state146: 0.588656 -0.180832 0.507838 0.291447 0.109521 -0.305088 -0.899992 -0.679135 1.03611 -0.0361305 1.25814 -0.66411 1.37517 0.342256 22.3641
state147: 0.580717 -0.174602 0.502663 0.28197 0.106016 -0.295372 -0.906647 -0.65584 1.05434 -0.0349005 1.26881 -0.64163 1.38179 0.348069 22.3211
state148: 0.572779 -0.168371 0.497488 0.272425 0.102486 -0.285584 -0.913084 -0.632544 1.07257 -0.0336705 1.27947 -0.619149 1.38841 0.354099 22.2753
state149: 0.564841 -0.162141 0.492313 0.262814 0.0989308 -0.275729 -0.919302 -0.609249 1.0908 -0.0324406 1.29014 -0.596669 1.39502 0.360318 22.2269
state150: 0.556902 -0.155911 0.487137 0.25314 0.095352 -0.265806 -0.925297 -0.585953 1.10903 -0.0312106 1.30081 -0.574189 1.40164 0.366697 22.1764
state151: 0.548964 -0.149681 0.481962 0.243405 0.0917502 -0.25582 -0.931071 -0.562658 1.12726 -0.0299806 1.31148 -0.551709 1.40826 0.373203 22.1241
state152: 0.541025 -0.143451 0.476787 0.233611 0.0881263 -0.245772 -0.936619 -0.539362 1.14548 -0.0287506 1.32215 -0.529229 1.41487 0.379806 22.0703
state153: 0.533087 -0.137221 0.471612 0.223761 0.0844812 -0.235665 -0.941943 -0.516067 1.16371 -0.0275206 1.33282 -0.506749 1.42149 0.386473 22.0151
state154: 0.525148 -0.13099 0.466437 0.213857 0.0808157 -0.225501 -0.947039 -0.492772 1.18194 -0.0262907 1.34349 -0.484269 1.42811 0.393172 21.9589
state155: 0.51721 -0.12476 0.461262 0.203902 0.0771308 -0.215283 -0.951908 -0.469476 1.20017 -0.0250607 1.35416 -0.461789 1.43472 0.399868 21.9019
state156: 0.509271 -0.11853 0.456086 0.193897 0.0734273 -0.205013 -0.956547 -0.446181 1.2184 -0.0238307 1.36482 -0.439309 1.44134 0.40653 21.8441
state157: 0.501333 -0.1123 0.450911 0.183846 0.0697061 -0.194694 -0.960956 -0.422885 1.23663 -0.0226007 1.37549 -0.416829 1.44796 0.413124 21.7857
state158: 0.493394 -0.10607 0.445736 0.173751 0.0659681 -0.184327 -0.965133 -0.39959 1.25486 -0.0213708 1.38616 -0.394349 1.45457 0.419619 21.7269
state159: 0.485456 -0.0998396 0.440561 0.163614 0.0622143 -0.173917 -0.969078 -0.376294 1.27309 -0.0201408 1.39683 -0.371869 1.46119 0.425984 21.6676
state160: 0.477518 -0.0936094 0.435386 0.153437 0.0584455 -0.163464 -0.97279 -0.352999 1.29132 -0.0189108 1.4075 -0.349389 1.46781 0.432191 21.608
state161: 0.469579 -0.0873793 0.430211 0.143224 0.0546626 -0.152972 -0.976268 -0.329703 1.30955 -0.0176808 1.41817 -0.326909 1.47442 0.438215 21.5479
state162: 0.461641 -0.0811491 0.425036 0.132975 0.0508665 -0.142444 -0.97951 -0.306408 1.32778 -0.0164509 1.42884 -0.304429 1.48104 0.444032 21.4875
state163: 0.453702 -0.0749189 0.41986 0.122695 0.0470582 -0.131881 -0.982517 -0.283112 1.34601 -0.0152209 1.43951 -0.281949 1.48766 0.449625 21.4266
state164: 0.445764 -0.0686888 0.414685 0.112386 0.0432385 -0.121286 -0.985287 -0.259817 1.36424 -0.0139909 1.45017 -0.259469 1.49427 0.454981 21.3652
state165: 0.437825 -0.0624586 0.40951 0.102049 0.0394085 -0.110662 -0.987819 -0.236522 1.38247 -0.0127609 1.46084 -0.236988 1.50089 0.46009 21.3032
state166: 0.429887 -0.0562284 0.404335 0.0916878 0.0355689 -0.100011 -0.990114 -0.213226 1.4007 -0.0115309 1.47151 -0.214508 1.50751 0.464952 21.2403
state167: 0.421948 -0.0499982 0.39916 0.0813045 0.0317208 -0.0893367 -0.992171 -0.189931 1.41893 -0.010301 1.48218 -0.192028 1.51412 0.469569 21.1765
state168: 0.41401 -0.0437681 0.393985 0.0709016 0.0278651 -0.0786405 -0.993988 -0.166635 1.43716 -0.00907099 1.49285 -0.169548 1.52074 0.473951 21.1114
state169: 0.406071 -0.0375379 0.38881 0.0604816 0.0240026 -0.0679253 -0.995566 -0.14334 1.45539 -0.00784101 1.50352 -0.147068 1.52736 0.478113 21.045
state170: 0.398133 -0.0313077 0.383634 0.0500471 0.0201344 -0.0571938 -0.996905 -0.120044 1.47362 -0.00661104 1.51419 -0.124588 1.53397 0.482074 20.9768
state171: 0.390194 -0.0250776 0.378459 0.0396005 0.0162613 -0.0464486 -0.998003 -0.0967488 1.49185 -0.00538106 1.52486 -0.102108 1.54059 0.485856 20.9066
state172: 0.382256 -0.0188474 0.373284 0.0291443 0.0123843 -0.0356921 -0.998861 -0.0734534 1.51007 -0.00415108 1.53552 -0.0796281 1.54721 0.489484 20.8339
state173: 0.374318 -0.0126172 0.368109 0.0186812 0.00850428 -0.0249271 -0.999479 -0.0501579 1.5283 -0.00292111 1.54619 -0.057148 1.55382 0.492981 20.7585
state174: 0.366379 -0.00638706 0.362934 0.00821351 0.00462225 -0.014156 -0.999855 -0.0268625 1.54653 -0.00169113 1.55686 -0.0346679 1.56044 0.496373 20.6798
state175: 0.358441 -0.000156896 0.357759 -0.00225612 0.000739104 -0.00338157 -0.999991 -0.00356702 1.56476 -0.000461152 1.56753 -0.0121879 1.56706 0.499681 20.5973
state176: 0.358441 -0.000156896 0.357759 -0.00225612 0.000739104 -0.00338157 -0.999991 -0.00356702 1.56476 -0.000461152 1.56753 -0.0121879 1.56706 0.499681 20.5973
state177: 0.353413 0 0.353694 0 0 0 1 0 1.57 0 1.57 0 1.57 0.5 20.5815
end
