start_state_:  0 -0.25 0.2 0 0 0 1 0 1.57 0 1.57 0 1.57 -0 0 -0 0 -0 0 -0 0
goal_state_:  0 0 0.9 0 0 0 1 0 1.57 0 1.57 0 1.57 0 0 0 0 0 0 0 0
states: 386
planning_mode: 2
planning_time: 72000.1
motion_cost: 7.21339
minimum_var: 0.256282
minimum_var_state_entry: 137
state0:  0 -0.25 0.2 0 0 0 1 0 1.57 0 1.57 0 1.57 -0 0 -0 0 -0 0 -0 0
state1:  -0.00383901 -0.249322 0.202592 0.0037887 -0.00291326 -0.0147922 0.999879 0.00940491 1.56928 0.0208316 1.54348 0.0421354 1.54548 -0.00766287 0.00571376 -0.00370261 0.00765713 -0.0132707 0.00334127 -0.0391171 0.0122845
state2:  -0.00767802 -0.248644 0.205184 0.00757648 -0.00582582 -0.0295808 0.999517 0.0188098 1.56856 0.0416633 1.51696 0.0842708 1.52096 -0.0154919 0.011198 -0.00764514 0.0154739 -0.0265623 0.00622398 -0.0792676 0.0226448
state3:  -0.011517 -0.247967 0.207776 0.0113624 -0.00873697 -0.0443623 0.998913 0.0282147 1.56784 0.0624949 1.49043 0.126406 1.49643 -0.0234807 0.0164475 -0.0118321 0.0234426 -0.0398737 0.00865672 -0.120363 0.031036
state4:  -0.015356 -0.247289 0.210368 0.0151456 -0.011646 -0.059133 0.998067 0.0376196 1.56712 0.0833266 1.46391 0.168542 1.47191 -0.0316226 0.0214574 -0.0162678 0.0315557 -0.0532041 0.0106471 -0.16231 0.0374253
state5:  -0.0191951 -0.246611 0.212959 0.0189252 -0.0145522 -0.0738895 0.996981 0.0470246 1.5664 0.104158 1.43739 0.210677 1.44739 -0.0399109 0.0262228 -0.0209563 0.0398053 -0.0665535 0.0122018 -0.205012 0.041792
state6:  -0.0230341 -0.245933 0.215551 0.0227002 -0.0174549 -0.0886281 0.995653 0.0564295 1.56567 0.12499 1.41087 0.252813 1.42287 -0.0483386 0.0307392 -0.0259016 0.0481837 -0.0799219 0.0133265 -0.248374 0.0441287
state7:  -0.0268731 -0.245256 0.218143 0.0264696 -0.0203534 -0.103345 0.994085 0.0658344 1.56495 0.145821 1.38435 0.294948 1.39835 -0.0568985 0.0350022 -0.0311075 0.0566829 -0.0933095 0.014026 -0.292299 0.0444411
state8:  -0.0307121 -0.244578 0.220735 0.0302327 -0.023247 -0.118038 0.992277 0.0752393 1.56423 0.166653 1.35783 0.337083 1.37382 -0.0655834 0.0390076 -0.0365775 0.0652948 -0.106717 0.014304 -0.336695 0.0427486
state9:  -0.0345511 -0.2439 0.223327 0.0339885 -0.0261349 -0.132701 0.990228 0.0846442 1.56351 0.187485 1.3313 0.379219 1.3493 -0.0743855 0.0427515 -0.0423151 0.0740112 -0.120145 0.0141633 -0.381474 0.0390838
state10:  -0.0383901 -0.243222 0.225919 0.0377361 -0.0290166 -0.147333 0.987941 0.0940491 1.56279 0.208316 1.30478 0.421354 1.32478 -0.0832974 0.0462303 -0.0483237 0.0828241 -0.133593 0.0136059 -0.426555 0.0334927
state11:  -0.0422291 -0.242545 0.228511 0.0414745 -0.0318912 -0.161929 0.985415 0.103454 1.56207 0.229148 1.27826 0.46349 1.30026 -0.0923111 0.0494404 -0.0546063 0.0917252 -0.147063 0.0126327 -0.471867 0.0260341
state12:  -0.0460681 -0.241867 0.231103 0.045203 -0.0347581 -0.176486 0.98265 0.112859 1.56135 0.24998 1.25174 0.505625 1.27574 -0.101419 0.0523787 -0.0611659 0.100706 -0.160553 0.0112441 -0.517348 0.0167789
state13:  -0.0499072 -0.241189 0.233694 0.0489205 -0.0376166 -0.191 0.979648 0.122264 1.56063 0.270811 1.22522 0.54776 1.25122 -0.110612 0.0550423 -0.0680054 0.109758 -0.174064 0.00943944 -0.562948 0.00580971
state14:  -0.0537462 -0.240511 0.236286 0.0526262 -0.0404661 -0.205468 0.97641 0.131669 1.55991 0.291643 1.1987 0.589896 1.22669 -0.119882 0.0574285 -0.0751276 0.118874 -0.187596 0.00721762 -0.608631 -0.00678009
state15:  -0.0575852 -0.239834 0.238878 0.0563191 -0.0433057 -0.219886 0.972935 0.141074 1.55919 0.312475 1.17217 0.632031 1.20217 -0.129222 0.0595348 -0.082535 0.128043 -0.201146 0.00457683 -0.654371 -0.0208868
state16:  -0.0614242 -0.239156 0.24147 0.0599985 -0.0461349 -0.234252 0.969225 0.150479 1.55846 0.333306 1.14565 0.674167 1.17765 -0.138622 0.0613592 -0.0902301 0.137259 -0.214714 0.00151479 -0.700159 -0.0363975
state17:  -0.0652632 -0.238478 0.244062 0.0636633 -0.0489529 -0.24856 0.965281 0.159883 1.55774 0.354138 1.11913 0.716302 1.15313 -0.148074 0.0628998 -0.0982153 0.146511 -0.228298 -0.00197123 -0.745997 -0.0531901
state18:  -0.0691022 -0.2378 0.246654 0.0673128 -0.0517591 -0.262809 0.961104 0.169288 1.55702 0.37497 1.09261 0.758438 1.12861 -0.157569 0.064155 -0.106493 0.155793 -0.241894 -0.00588425 -0.7919 -0.0711346
state19:  -0.0729412 -0.237123 0.249246 0.070946 -0.0545528 -0.276994 0.956695 0.178693 1.5563 0.395801 1.06609 0.800573 1.10408 -0.167098 0.0651236 -0.115064 0.165094 -0.2555 -0.0102276 -0.837895 -0.0900932
state20:  -0.0767802 -0.236445 0.251838 0.074562 -0.0573333 -0.291112 0.952054 0.188098 1.55558 0.416633 1.03957 0.842708 1.07956 -0.176653 0.0658045 -0.123932 0.174406 -0.269112 -0.0150046 -0.884021 -0.109921
state21:  -0.0806192 -0.235767 0.254429 0.0781601 -0.0601 -0.30516 0.947183 0.197503 1.55486 0.437464 1.01304 0.884844 1.05504 -0.186224 0.0661971 -0.133098 0.18372 -0.282725 -0.0202188 -0.930326 -0.130465
state22:  -0.0844583 -0.235089 0.257021 0.0817392 -0.0628521 -0.319134 0.942084 0.206908 1.55414 0.458296 0.986522 0.926979 1.03052 -0.195803 0.0663009 -0.142563 0.193027 -0.296335 -0.0258735 -0.976867 -0.151566
state23:  -0.0882973 -0.234411 0.259613 0.0852986 -0.065589 -0.333031 0.936756 0.216313 1.55342 0.479128 0.96 0.969115 1.006 -0.205381 0.0661159 -0.15233 0.202319 -0.309937 -0.0319719 -1.02371 -0.173059
state24:  -0.0921363 -0.233734 0.262205 0.0888374 -0.0683101 -0.346847 0.931203 0.225718 1.5527 0.499959 0.933478 1.01125 0.981474 -0.214948 0.0656422 -0.162399 0.211586 -0.323523 -0.0385172 -1.07092 -0.194771
state25:  -0.0959753 -0.233056 0.264797 0.0923547 -0.0710147 -0.36058 0.925424 0.235123 1.55198 0.520791 0.906957 1.05339 0.956952 -0.224497 0.0648804 -0.172772 0.22082 -0.337089 -0.0455119 -1.11857 -0.216522
state26:  -0.0998143 -0.232378 0.267389 0.0958497 -0.0737021 -0.374226 0.919422 0.244528 1.55125 0.541623 0.880435 1.09552 0.93243 -0.234017 0.0638312 -0.18345 0.23001 -0.350627 -0.0529582 -1.16672 -0.238126
state27:  -0.103653 -0.2317 0.269981 0.0993215 -0.0763717 -0.387781 0.913197 0.253933 1.55053 0.562454 0.853913 1.13766 0.907908 -0.243501 0.0624956 -0.194433 0.23915 -0.364129 -0.060858 -1.21545 -0.259392
state28:  -0.107492 -0.231023 0.272573 0.102769 -0.0790229 -0.401242 0.906752 0.263338 1.54981 0.583286 0.827392 1.17979 0.883386 -0.252939 0.0608751 -0.205723 0.248228 -0.377589 -0.0692123 -1.26482 -0.280121
state29:  -0.111331 -0.230345 0.275164 0.106192 -0.0816549 -0.414606 0.900087 0.272742 1.54909 0.604118 0.80087 1.22193 0.858864 -0.262323 0.0589713 -0.217319 0.257236 -0.390998 -0.0780218 -1.31487 -0.30011
state30:  -0.11517 -0.229667 0.277756 0.10959 -0.0842673 -0.42787 0.893205 0.282147 1.54837 0.624949 0.774348 1.26406 0.834342 -0.271644 0.0567861 -0.229222 0.266165 -0.404349 -0.0872864 -1.36564 -0.31915
state31:  -0.119009 -0.228989 0.280348 0.112961 -0.0868592 -0.441031 0.886108 0.291552 1.54765 0.645781 0.747826 1.3062 0.80982 -0.280894 0.0543217 -0.241433 0.275006 -0.417634 -0.0970051 -1.41714 -0.337031
state32:  -0.122848 -0.228312 0.28294 0.116304 -0.0894302 -0.454085 0.878796 0.300957 1.54693 0.666613 0.721305 1.34833 0.785299 -0.290064 0.0515807 -0.25395 0.283749 -0.430843 -0.107176 -1.46938 -0.353539
state33:  -0.126687 -0.227634 0.285532 -0.11962 0.0919795 0.46703 -0.871272 0.310362 1.54621 0.687444 0.694783 1.39047 0.760777 -0.299146 0.0485656 -0.266773 0.292385 -0.44397 -0.117798 -1.5223 -0.368465
state34:  -0.126687 -0.227634 0.285532 -0.11962 0.0919795 0.46703 -0.871272 0.310362 1.54621 0.687444 0.694783 1.39047 0.760777 -0.299146 0.0485656 -0.266773 0.292385 -0.44397 -0.117798 -1.5223 -0.368465
state35:  -0.134448 -0.217962 0.295226 -0.121071 0.0864204 0.472022 -0.868947 0.273009 1.49826 0.656539 0.707422 1.39395 0.790499 -0.296507 0.0359009 -0.256284 0.278645 -0.427896 -0.107686 -1.5139 -0.35387
state36:  -0.142209 -0.20829 0.30492 -0.122515 0.0808559 0.476985 -0.866567 0.235656 1.45031 0.625633 0.720061 1.39743 0.82022 -0.293753 0.0232609 -0.245148 0.266372 -0.410003 -0.097363 -1.50527 -0.341127
state37:  -0.149969 -0.198618 0.314614 -0.123951 0.0752861 0.481917 -0.864132 0.198303 1.40236 0.594728 0.732701 1.40091 0.849942 -0.290884 0.0106468 -0.233467 0.255611 -0.390328 -0.0867428 -1.49633 -0.330201
state38:  -0.15773 -0.188946 0.324308 -0.125379 0.0697117 0.486819 -0.861643 0.16095 1.35441 0.563822 0.74534 1.40439 0.879664 -0.287898 -0.00194027 -0.221343 0.246399 -0.368914 -0.0757444 -1.48699 -0.32105
state39:  -0.16549 -0.179274 0.334002 -0.126799 0.0641328 0.49169 -0.859098 0.123598 1.30646 0.532917 0.757979 1.40787 0.909386 -0.284796 -0.0144991 -0.208881 0.238768 -0.345808 -0.0642931 -1.47721 -0.313628
state40:  -0.173251 -0.169602 0.343696 -0.128211 0.0585498 0.49653 -0.8565 0.0862447 1.25851 0.502011 0.770619 1.41134 0.939108 -0.281576 -0.0270284 -0.19619 0.232744 -0.32106 -0.0523216 -1.46691 -0.307885
state41:  -0.181012 -0.15993 0.35339 -0.129615 0.0529632 0.501338 -0.853847 0.0488918 1.21056 0.471106 0.783258 1.41482 0.96883 -0.278238 -0.0395271 -0.183379 0.228346 -0.294724 -0.0397701 -1.45605 -0.303767
state42:  -0.188772 -0.150258 0.363084 -0.131011 0.0473731 0.506115 -0.85114 0.0115389 1.16261 0.4402 0.795897 1.4183 0.998552 -0.274781 -0.0519938 -0.170563 0.225585 -0.266856 -0.0265875 -1.4446 -0.301219
state43:  -0.196533 -0.140586 0.372779 -0.132398 0.0417801 0.510859 -0.84838 -0.025814 1.11466 0.409295 0.808537 1.42178 1.02827 -0.271204 -0.0644273 -0.157857 0.224465 -0.237514 -0.0127312 -1.4325 -0.300179
state44:  -0.204293 -0.130914 0.382473 -0.133777 0.0361845 0.515571 -0.845565 -0.0631669 1.06671 0.378389 0.821176 1.42526 1.058 -0.267505 -0.0768263 -0.145377 0.22498 -0.206756 0.00183221 -1.41973 -0.300589
state45:  -0.212054 -0.121242 0.392167 -0.135148 0.0305865 0.520251 -0.842697 -0.10052 1.01876 0.347484 0.833815 1.42874 1.08772 -0.263684 -0.0891895 -0.133241 0.227119 -0.174637 0.0171273 -1.40627 -0.302383
state46:  -0.219815 -0.11157 0.401861 -0.13651 0.0249866 0.524897 -0.839776 -0.137873 0.970813 0.316579 0.846455 1.43222 1.11744 -0.259739 -0.101515 -0.121567 0.23086 -0.141216 0.0331697 -1.39209 -0.305497
state47:  -0.227575 -0.101898 0.411555 -0.137863 0.0193851 0.529511 -0.836801 -0.175226 0.922863 0.285673 0.859094 1.4357 1.14716 -0.25567 -0.113803 -0.110475 0.236175 -0.106544 0.049966 -1.37718 -0.309864
state48:  -0.235336 -0.0922264 0.421249 -0.139208 0.0137824 0.53409 -0.833774 -0.212578 0.874914 0.254768 0.871733 1.43918 1.17688 -0.251475 -0.12605 -0.100081 0.243027 -0.0706749 0.0675148 -1.36153 -0.315417
state49:  -0.243096 -0.0825544 0.430943 -0.140544 0.00817886 0.538636 -0.830693 -0.249931 0.826964 0.223862 0.884372 1.44266 1.20661 -0.247152 -0.138256 -0.0905032 0.251368 -0.0336561 0.0858065 -1.34514 -0.322086
state50:  -0.250857 -0.0728825 0.440637 0.141871 -0.00257477 -0.543148 0.82756 -0.287284 0.779015 0.192957 0.897012 1.44614 1.23633 -0.2427 -0.150419 -0.0818585 0.261146 0.00446707 0.104824 -1.32799 -0.329801
state51:  -0.250857 -0.0728825 0.440637 0.141871 -0.00257477 -0.543148 0.82756 -0.287284 0.779015 0.192957 0.897012 1.44614 1.23633 -0.2427 -0.150419 -0.0818585 0.261146 0.00446707 0.104824 -1.32799 -0.329801
state52:  -0.251273 -0.076447 0.4443 0.145917 0.00194057 -0.553855 0.819725 -0.257766 0.801875 0.17937 0.862302 1.43623 1.21711 -0.242737 -0.16557 -0.107035 0.231326 -0.0276549 0.113643 -1.3095 -0.315027
state53:  -0.25169 -0.0800115 0.447963 0.149931 0.0064555 -0.564444 0.811715 -0.228248 0.824735 0.165783 0.827593 1.42633 1.19789 -0.242391 -0.180718 -0.133263 0.202611 -0.0603862 0.122017 -1.29185 -0.299485
state54:  -0.252106 -0.0835761 0.451625 0.153914 0.0109691 -0.574913 0.803533 -0.198729 0.847595 0.152197 0.792883 1.41642 1.17867 -0.241657 -0.195852 -0.160539 0.175053 -0.0937446 0.129885 -1.27512 -0.28317
state55:  -0.252523 -0.0871406 0.455288 0.157864 0.0154803 -0.58526 0.795179 -0.169211 0.870455 0.13861 0.758174 1.40652 1.15945 -0.240534 -0.210963 -0.188858 0.148703 -0.127744 0.137185 -1.25941 -0.266083
state56:  -0.252939 -0.0907052 0.458951 0.16178 0.0199882 -0.595482 0.786656 -0.139693 0.893315 0.125023 0.723464 1.39661 1.14023 -0.239017 -0.226042 -0.218207 0.123608 -0.162394 0.143847 -1.24479 -0.248235
state57:  -0.253356 -0.0942697 0.462614 0.165662 0.0244919 -0.605578 0.777966 -0.110174 0.916176 0.111437 0.688755 1.38671 1.12101 -0.237104 -0.241079 -0.248571 0.0998155 -0.1977 0.149799 -1.23138 -0.229642
state58:  -0.253772 -0.0978342 0.466277 0.169509 0.0289903 -0.615544 0.769111 -0.0806561 0.939036 0.0978501 0.654046 1.3768 1.10179 -0.234789 -0.256063 -0.279929 0.0773699 -0.233661 0.154967 -1.21927 -0.21033
state59:  -0.254189 -0.101399 0.469939 0.173319 0.0334826 -0.62538 0.760091 -0.0511378 0.961896 0.0842634 0.619336 1.36689 1.08257 -0.232069 -0.270985 -0.312253 0.0563121 -0.27027 0.159271 -1.20854 -0.190332
state60:  -0.254605 -0.104963 0.473602 0.177093 0.0379678 -0.635083 0.75091 -0.0216195 0.984756 0.0706768 0.584627 1.35699 1.06335 -0.228939 -0.285835 -0.34551 0.0366791 -0.307514 0.162634 -1.19931 -0.169689
state61:  -0.255022 -0.108528 0.477265 0.180829 0.0424449 -0.64465 0.74157 0.00789883 1.00762 0.0570901 0.549917 1.34708 1.04413 -0.225396 -0.300601 -0.379663 0.018504 -0.345373 0.164974 -1.19166 -0.148454
state62:  -0.255438 -0.112092 0.480928 0.184527 0.046913 -0.65408 0.732071 0.0374171 1.03048 0.0435035 0.515208 1.33718 1.02492 -0.221434 -0.315275 -0.414666 0.00181451 -0.38382 0.166212 -1.18569 -0.126686
state63:  -0.255855 -0.115657 0.484591 0.188185 0.051371 -0.663371 0.722417 0.0669354 1.05334 0.0299168 0.480498 1.32727 1.0057 -0.217049 -0.329844 -0.45047 -0.0133671 -0.422819 0.166268 -1.18149 -0.104455
state64:  -0.256271 -0.119221 0.488253 0.191803 0.0558182 -0.672521 0.712609 0.0964538 1.0762 0.0163302 0.445789 1.31737 0.986477 -0.212235 -0.344299 -0.487021 -0.0270247 -0.462331 0.165067 -1.17916 -0.0818407
state65:  -0.256688 -0.122786 0.491916 0.195381 0.0602535 -0.681528 0.702649 0.125972 1.09906 0.00274352 0.411079 1.30746 0.967258 -0.206989 -0.358627 -0.524258 -0.039149 -0.502308 0.162535 -1.17879 -0.0589306
state66:  -0.256688 -0.122786 0.491916 0.195381 0.0602535 -0.681528 0.702649 0.125972 1.09906 0.00274352 0.411079 1.30746 0.967258 -0.206989 -0.358627 -0.524258 -0.039149 -0.502308 0.162535 -1.17879 -0.0589306
state67:  -0.254332 -0.118273 0.49525 0.198122 0.0624748 -0.687398 0.695937 0.0801098 1.0883 0.0481378 0.450841 1.31334 0.959525 -0.204891 -0.367555 -0.489745 -0.0319284 -0.477959 0.138401 -1.20365 -0.0949954
state68:  -0.251975 -0.113761 0.498584 0.200846 0.0646904 -0.693205 0.689161 0.0342476 1.07755 0.093532 0.490602 1.31922 0.951792 -0.202618 -0.376448 -0.455396 -0.0238974 -0.457087 0.112454 -1.23091 -0.128048
state69:  -0.249619 -0.109248 0.501918 0.203551 0.0669001 -0.698948 0.682322 -0.0116147 1.06679 0.138926 0.530364 1.3251 0.944058 -0.200167 -0.385301 -0.421222 -0.0150548 -0.439697 0.0850448 -1.26034 -0.157937
state70:  -0.247263 -0.104735 0.505252 0.206237 0.0691036 -0.704627 0.67542 -0.0574769 1.05604 0.184321 0.570125 1.33097 0.936325 -0.197537 -0.394112 -0.387231 -0.00540174 -0.425763 0.0565113 -1.29166 -0.184534
state71:  -0.244907 -0.100223 0.508586 0.208905 0.0713008 -0.710241 0.668456 -0.103339 1.04529 0.229715 0.609886 1.33685 0.928592 -0.194726 -0.402879 -0.35343 0.00505908 -0.415229 0.0271767 -1.3246 -0.207743
state72:  -0.242551 -0.0957098 0.51192 0.211553 0.0734914 -0.715789 0.66143 -0.149201 1.03453 0.275109 0.649648 1.34273 0.920859 -0.191734 -0.411597 -0.319827 0.016323 -0.408021 -0.0026519 -1.35884 -0.2275
state73:  -0.240195 -0.0911971 0.515254 0.214182 0.0756753 -0.721272 0.654344 -0.195064 1.02378 0.320503 0.689409 1.34861 0.913126 -0.188559 -0.420265 -0.286424 0.0283836 -0.404048 -0.0326842 -1.39404 -0.243778
state74:  -0.237838 -0.0866844 0.518588 0.216791 0.0778522 -0.726689 0.647197 -0.240926 1.01302 0.365898 0.729171 1.35449 0.905393 -0.185198 -0.428878 -0.253225 0.0412327 -0.403206 -0.0626473 -1.42985 -0.25659
state75:  -0.235482 -0.0821717 0.521922 0.21938 0.0800219 -0.732038 0.639991 -0.286788 1.00227 0.411292 0.768932 1.36036 0.89766 -0.181652 -0.437433 -0.22023 0.0548604 -0.405379 -0.0922856 -1.46591 -0.265986
state76:  -0.233126 -0.077659 0.525256 0.221949 0.0821843 -0.737321 0.632726 -0.33265 0.991515 0.456686 0.808693 1.36624 0.889927 -0.177918 -0.445928 -0.187438 0.0692551 -0.410442 -0.121361 -1.50186 -0.272057
state77:  -0.23077 -0.0731463 0.52859 0.224498 0.0843391 -0.742535 0.625403 -0.378513 0.980761 0.50208 0.848455 1.37212 0.882194 -0.173994 -0.454359 -0.154843 0.0844036 -0.41826 -0.149652 -1.53735 -0.274932
state78:  -0.228414 -0.0686336 0.531924 0.227025 0.0864862 -0.747681 0.618023 -0.424375 0.970007 0.547475 0.888216 1.378 0.874461 -0.16988 -0.462723 -0.12244 0.100291 -0.428689 -0.176956 -1.57207 -0.274772
state79:  -0.226058 -0.0641209 0.535258 0.229532 0.0886253 -0.752759 0.610585 -0.470237 0.959253 0.592869 0.927978 1.38387 0.866728 -0.165574 -0.471016 -0.0902195 0.116901 -0.441574 -0.203087 -1.60571 -0.271769
state80:  -0.223701 -0.0596082 0.538592 0.232018 0.0907562 -0.757767 0.603092 -0.516099 0.948499 0.638263 0.967739 1.38975 0.858994 -0.161075 -0.479235 -0.0581689 0.134217 -0.45675 -0.227874 -1.638 -0.26614
state81:  -0.221345 -0.0550955 0.541926 0.234483 0.0928789 -0.762706 0.595543 -0.561962 0.937745 0.683657 1.0075 1.39563 0.851261 -0.156381 -0.487377 -0.0262736 0.152218 -0.47404 -0.251168 -1.66873 -0.25812
state82:  -0.218989 -0.0505828 0.54526 0.236926 0.0949929 -0.767574 0.587939 -0.607824 0.926991 0.729052 1.04726 1.40151 0.843528 -0.151492 -0.495438 0.00548407 0.170884 -0.493256 -0.272835 -1.69771 -0.247959
state83:  -0.216633 -0.0460701 0.548593 0.239347 0.0970983 -0.772372 0.580281 -0.653686 0.916236 0.774446 1.08702 1.40739 0.835795 -0.146406 -0.503414 0.0371252 0.190192 -0.514198 -0.29276 -1.72478 -0.235913
state84:  -0.214277 -0.0415574 0.551927 0.241746 0.0991947 -0.777099 0.57257 -0.699548 0.905482 0.81984 1.12678 1.41326 0.828062 -0.141122 -0.511302 0.0686738 0.21012 -0.536655 -0.310847 -1.74984 -0.222242
state85:  -0.211921 -0.0370447 0.555261 0.244123 0.101282 -0.781755 0.564806 -0.745411 0.894728 0.865234 1.16655 1.41914 0.820329 -0.135638 -0.519099 0.100158 0.230643 -0.560406 -0.327018 -1.77281 -0.207203
state86:  -0.209564 -0.032532 0.558595 0.246478 0.10336 -0.786338 0.55699 -0.791273 0.883974 0.910629 1.20631 1.42502 0.812596 -0.129955 -0.526801 0.131608 0.251733 -0.585221 -0.341215 -1.79363 -0.191051
state87:  -0.207208 -0.0280193 0.561929 0.24881 0.105428 -0.790849 0.549123 -0.837135 0.87322 0.956023 1.24607 1.4309 0.804863 -0.124071 -0.534404 0.163059 0.273362 -0.610865 -0.353398 -1.81229 -0.17403
state88:  -0.204852 -0.0235066 0.565263 0.251119 0.107487 -0.795288 0.541205 -0.882997 0.862466 1.00142 1.28583 1.43677 0.79713 -0.117986 -0.541905 0.19455 0.295502 -0.6371 -0.363543 -1.82877 -0.156375
state89:  -0.202496 -0.0189939 0.568597 0.253405 0.109536 -0.799653 0.533238 -0.928859 0.851712 1.04681 1.32559 1.44265 0.789397 -0.111698 -0.549299 0.226124 0.31812 -0.663688 -0.371646 -1.8431 -0.138309
state90:  -0.20014 -0.0144812 0.571931 0.255667 0.111575 -0.803945 0.525222 -0.974722 0.840958 1.09221 1.36535 1.44853 0.781663 -0.105208 -0.556583 0.257828 0.341183 -0.690395 -0.377716 -1.85528 -0.120043
state91:  -0.197784 -0.00996849 0.575265 0.257906 0.113603 -0.808163 0.517157 -1.02058 0.830203 1.1376 1.40511 1.45441 0.77393 -0.0985153 -0.563753 0.289715 0.364657 -0.716994 -0.381776 -1.86536 -0.101775
state92:  -0.195427 -0.00545579 0.578599 0.260122 0.115622 -0.812306 0.509045 -1.06645 0.819449 1.18299 1.44488 1.46029 0.766197 -0.0916196 -0.570806 0.321839 0.388503 -0.74327 -0.383863 -1.87337 -0.083688
state93:  -0.193071 -0.000943089 0.581933 0.262313 0.117629 -0.816375 0.500886 -1.11231 0.808695 1.22839 1.48464 1.46616 0.758464 -0.0845209 -0.577737 0.354265 0.412682 -0.769019 -0.384022 -1.87935 -0.0659523
state94:  -0.190715 0.00356961 0.585267 0.26448 0.119626 -0.820369 0.492681 -1.15817 0.797941 1.27378 1.5244 1.47204 0.750731 -0.0772196 -0.584542 0.38706 0.437151 -0.794056 -0.382308 -1.88335 -0.0487253
state95:  -0.190715 0.00356961 0.585267 0.26448 0.119626 -0.820369 0.492681 -1.15817 0.797941 1.27378 1.5244 1.47204 0.750731 -0.0772196 -0.584542 0.38706 0.437151 -0.794056 -0.382308 -1.88335 -0.0487253
state96:  -0.179591 0.00587327 0.591742 0.262399 0.122565 -0.822531 0.489457 -1.108 0.812067 1.23207 1.48746 1.45957 0.753383 -0.0662747 -0.584332 0.358025 0.393041 -0.793572 -0.389704 -1.88172 -0.049906
state97:  -0.168468 0.00817693 0.598218 0.260309 0.125501 -0.82467 0.486219 -1.05783 0.826193 1.19036 1.45052 1.44709 0.756035 -0.0553353 -0.584018 0.328856 0.349456 -0.792257 -0.395274 -1.87817 -0.0517549
state98:  -0.157344 0.0104806 0.604693 0.258213 0.128434 -0.826785 0.482967 -1.00765 0.840318 1.14865 1.41358 1.43462 0.758687 -0.0444035 -0.5836 0.299441 0.306436 -0.79018 -0.399045 -1.87271 -0.0541546
state99:  -0.146221 0.0127842 0.611169 0.256109 0.131363 -0.828878 0.479702 -0.957482 0.854444 1.10694 1.37664 1.42214 0.761339 -0.0334816 -0.583078 0.269678 0.264026 -0.787426 -0.401049 -1.86537 -0.05698
state100:  -0.135097 0.0150879 0.617644 0.253998 0.134288 -0.830947 0.476423 -0.90731 0.86857 1.06523 1.33969 1.40967 0.763992 -0.0225716 -0.582452 0.239474 0.222267 -0.784094 -0.401328 -1.85618 -0.0600976
state101:  -0.123973 0.0173916 0.62412 0.25188 0.13721 -0.832993 0.473131 -0.857138 0.882695 1.02352 1.30275 1.3972 0.766644 -0.0116756 -0.581723 0.208743 0.181203 -0.780296 -0.399929 -1.8452 -0.0633659
state102:  -0.11285 0.0196952 0.630595 0.249755 0.140127 -0.835015 0.469826 -0.806966 0.896821 0.981813 1.26581 1.38472 0.769296 -0.000795901 -0.580891 0.177404 0.140879 -0.776158 -0.396909 -1.83249 -0.0666356
state103:  -0.101726 0.0219989 0.637071 0.247623 0.143041 -0.837014 0.466507 -0.756794 0.910947 0.940104 1.22887 1.37225 0.771948 0.0100655 -0.579956 0.145383 0.101341 -0.771816 -0.392332 -1.81812 -0.0697499
state104:  -0.0906024 0.0243025 0.643546 0.245483 0.145951 -0.83899 0.463176 -0.706622 0.925072 0.898394 1.19193 1.35977 0.7746 0.0209066 -0.578918 0.112609 0.0626345 -0.767419 -0.386272 -1.8022 -0.0725461
state105:  -0.0794788 0.0266062 0.650021 0.243337 0.148857 -0.840942 0.459831 -0.65645 0.939198 0.856684 1.15499 1.3473 0.777252 0.0317253 -0.577777 0.0790172 0.0248085 -0.763121 -0.378811 -1.78482 -0.0748568
state106:  -0.0683552 0.0289098 0.656497 0.241185 0.151758 -0.842871 0.456474 -0.606277 0.953324 0.814974 1.11805 1.33482 0.779904 0.0425195 -0.576535 0.0445452 -0.012088 -0.759085 -0.370042 -1.76611 -0.0765115
state107:  -0.0572316 0.0312135 0.662972 0.239025 0.154655 -0.844776 0.453104 -0.556105 0.96745 0.773264 1.08111 1.32235 0.782556 0.0532874 -0.575191 0.00913632 -0.0480046 -0.755476 -0.360071 -1.74622 -0.0773391
state108:  -0.0461079 0.0335171 0.669448 0.236859 0.157548 -0.846657 0.449721 -0.505933 0.981575 0.731554 1.04417 1.30987 0.785208 0.0640269 -0.573745 -0.0272616 -0.0828898 -0.752461 -0.349013 -1.7253 -0.0771707
state109:  -0.0349843 0.0358208 0.675923 0.234686 0.160437 -0.848514 0.446325 -0.455761 0.995701 0.689844 1.00723 1.2974 0.78786 0.074736 -0.572199 -0.0646958 -0.116691 -0.750206 -0.336996 -1.70353 -0.0758427
state110:  -0.0238607 0.0381245 0.682399 0.232506 0.163321 -0.850348 0.442917 -0.405589 1.00983 0.648134 0.970287 1.28493 0.790512 0.0854131 -0.570553 -0.103208 -0.149356 -0.748872 -0.324161 -1.68111 -0.0731997
state111:  -0.0127371 0.0404281 0.688874 0.23032 0.1662 -0.852158 0.439497 -0.355417 1.02395 0.606425 0.933346 1.27245 0.793164 0.096056 -0.568807 -0.142833 -0.180831 -0.748616 -0.310662 -1.65826 -0.0690988
state112:  -0.00161345 0.0427318 0.69535 0.228128 0.169075 -0.853943 0.436064 -0.305245 1.03808 0.564715 0.896405 1.25998 0.795817 0.106663 -0.566961 -0.183598 -0.211063 -0.749587 -0.296668 -1.63521 -0.0634126
state113:  0.00951017 0.0450354 0.701825 0.225929 0.171945 -0.855705 0.432619 -0.255073 1.0522 0.523005 0.859464 1.2475 0.798469 0.117233 -0.565017 -0.225525 -0.239998 -0.751923 -0.282358 -1.61221 -0.0560336
state114:  0.0206338 0.0473391 0.7083 0.223724 0.17481 -0.857443 0.429162 -0.2049 1.06633 0.481295 0.822523 1.23503 0.801121 0.127763 -0.562975 -0.268625 -0.267586 -0.755748 -0.267928 -1.58953 -0.0468773
state115:  0.0317574 0.0496427 0.714776 0.221512 0.17767 -0.859157 0.425693 -0.154728 1.08046 0.439585 0.785582 1.22255 0.803773 0.138252 -0.560835 -0.312899 -0.293777 -0.761174 -0.253583 -1.56744 -0.0358857
state116:  0.042881 0.0519464 0.721251 0.219294 0.180525 -0.860847 0.422212 -0.104556 1.09458 0.397875 0.748642 1.21008 0.806425 0.148699 -0.558598 -0.358338 -0.318524 -0.768296 -0.239542 -1.54622 -0.0230306
state117:  0.0540047 0.0542501 0.727727 0.217071 0.183376 -0.862513 0.418719 -0.0543841 1.10871 0.356165 0.711701 1.1976 0.809077 0.159101 -0.556265 -0.404922 -0.341782 -0.777187 -0.226035 -1.52617 -0.00831542
state118:  0.0651283 0.0565537 0.734202 0.214841 0.186221 -0.864154 0.415214 -0.00421199 1.12283 0.314455 0.67476 1.18513 0.811729 0.169458 -0.553836 -0.452618 -0.363513 -0.787904 -0.2133 -1.50757 0.00822174
state119:  0.0762519 0.0588574 0.740678 -0.212605 -0.189061 0.865772 -0.411698 0.0459601 1.13696 0.272746 0.637819 1.17266 0.814381 0.179767 -0.551312 -0.501383 -0.383682 -0.800477 -0.201583 -1.49073 0.0265071
state120:  0.0762519 0.0588574 0.740678 -0.212605 -0.189061 0.865772 -0.411698 0.0459601 1.13696 0.272746 0.637819 1.17266 0.814381 0.179767 -0.551312 -0.501383 -0.383682 -0.800477 -0.201583 -1.49073 0.0265071
state121:  0.0836628 0.0670787 0.748298 -0.20167 -0.196713 0.868401 -0.40806 0.0894313 1.13213 0.215633 0.623925 1.16968 0.836362 0.207447 -0.536119 -0.519789 -0.42059 -0.795108 -0.197673 -1.48333 0.0446035
state122:  0.0910737 0.0753 0.755919 -0.190696 -0.204327 0.870858 -0.404341 0.132903 1.12731 0.158521 0.61003 1.16671 0.858342 0.234607 -0.52057 -0.538032 -0.457463 -0.789234 -0.194995 -1.47693 0.0618708
state123:  0.0984846 0.0835214 0.763539 -0.179684 -0.211901 0.873142 -0.400542 0.176374 1.12248 0.101409 0.596136 1.16374 0.880322 0.261262 -0.504684 -0.556102 -0.494282 -0.782678 -0.19349 -1.47143 0.078159
state124:  0.105896 0.0917427 0.77116 -0.168637 -0.219432 0.875254 -0.396664 0.219845 1.11766 0.044297 0.582241 1.16077 0.902303 0.287429 -0.488477 -0.573985 -0.531028 -0.775264 -0.193077 -1.4667 0.093327
state125:  0.113306 0.099964 0.77878 -0.157556 -0.22692 0.877192 -0.392707 0.263316 1.11283 -0.0128152 0.568347 1.15779 0.924283 0.313126 -0.471967 -0.591666 -0.567682 -0.766824 -0.193651 -1.4626 0.107246
state126:  0.120717 0.108185 0.786401 -0.146444 -0.234363 0.878955 -0.388672 0.306787 1.108 -0.0699273 0.554452 1.15482 0.946263 0.33837 -0.45517 -0.609129 -0.604224 -0.757195 -0.195082 -1.45898 0.119801
state127:  0.128128 0.116407 0.794021 -0.135302 -0.24176 0.880545 -0.38456 0.350258 1.10318 -0.127039 0.540558 1.15185 0.968244 0.363178 -0.438102 -0.626352 -0.640634 -0.746227 -0.197221 -1.45566 0.130894
state128:  0.135539 0.124628 0.801642 -0.124134 -0.249108 0.88196 -0.380371 0.39373 1.09835 -0.184152 0.526663 1.14888 0.990224 0.38757 -0.420777 -0.643313 -0.676891 -0.733783 -0.199895 -1.45244 0.140444
state129:  0.14295 0.132849 0.809262 -0.112941 -0.256407 0.8832 -0.376108 0.437201 1.09353 -0.241264 0.512769 1.14591 1.0122 0.411563 -0.40321 -0.659983 -0.712974 -0.719744 -0.202911 -1.44915 0.14839
state130:  0.150361 0.141071 0.816883 -0.101726 -0.263656 0.884265 -0.37177 0.480672 1.0887 -0.298376 0.498874 1.14293 1.03419 0.435177 -0.385416 -0.676329 -0.748861 -0.70401 -0.206061 -1.44555 0.154693
state131:  0.157772 0.149292 0.824503 -0.090491 -0.270852 0.885155 -0.367358 0.524143 1.08388 -0.355488 0.48498 1.13996 1.05617 0.458429 -0.367406 -0.692312 -0.784531 -0.686506 -0.209118 -1.44144 0.159335
state132:  0.165183 0.157513 0.832124 -0.0792377 -0.277994 0.885869 -0.362873 0.567614 1.07905 -0.4126 0.471085 1.13699 1.07815 0.481339 -0.349195 -0.707887 -0.81996 -0.667182 -0.211846 -1.43661 0.162322
state133:  0.172594 0.165735 0.839744 -0.0679688 -0.285081 0.886408 -0.358316 0.611086 1.07422 -0.469712 0.457191 1.13402 1.10013 0.503925 -0.330794 -0.722999 -0.855124 -0.646016 -0.213995 -1.43083 0.16368
state134:  0.180005 0.173956 0.847365 -0.0566864 -0.292112 0.88677 -0.353689 0.654557 1.0694 -0.526825 0.443296 1.13105 1.12211 0.526205 -0.312217 -0.737581 -0.89 -0.623018 -0.215314 -1.4239 0.163457
state135:  0.187416 0.182177 0.854985 -0.0453927 -0.299085 0.886957 -0.348991 0.698028 1.06457 -0.583937 0.429402 1.12807 1.14409 0.548197 -0.293473 -0.751556 -0.924561 -0.598229 -0.215547 -1.41561 0.161721
state136:  0.194826 0.190399 0.862606 -0.0340901 -0.305998 0.886969 -0.344224 0.741499 1.05975 -0.641049 0.415507 1.1251 1.16607 0.569919 -0.274574 -0.764829 -0.958781 -0.571721 -0.214441 -1.40577 0.15856
state137:  0.202237 0.19862 0.870226 -0.0227806 -0.312851 0.886804 -0.339388 0.78497 1.05492 -0.698161 0.401613 1.12213 1.18805 0.591389 -0.255532 -0.777286 -0.992632 -0.543602 -0.21175 -1.39422 0.154074
state138:  0.202237 0.19862 0.870226 -0.0227806 -0.312851 0.886804 -0.339388 0.78497 1.05492 -0.698161 0.401613 1.12213 1.18805 0.591389 -0.255532 -0.777286 -0.992632 -0.543602 -0.21175 -1.39422 0.154074
state139:  0.198484 0.2107 0.872446 -0.017796 -0.308794 0.886814 -0.343352 0.791149 1.07057 -0.637315 0.377753 1.11944 1.15606 0.584879 -0.24609 -0.788958 -0.975219 -0.578104 -0.255749 -1.44331 0.146107
state140:  0.19473 0.22278 0.874665 -0.0128103 -0.304719 0.886774 -0.347296 0.797327 1.08622 -0.576469 0.353893 1.11676 1.12408 0.578496 -0.236576 -0.799729 -0.957768 -0.612071 -0.2997 -1.49234 0.135966
state141:  0.190976 0.23486 0.876884 -0.0078239 -0.300627 0.886683 -0.35122 0.803505 1.10188 -0.515623 0.330032 1.11407 1.09209 0.572241 -0.226991 -0.809668 -0.94029 -0.645671 -0.343481 -1.54116 0.123894
state142:  0.187223 0.24694 0.879103 -0.00283704 -0.296518 0.886542 -0.355124 0.809683 1.11753 -0.454778 0.306172 1.11139 1.0601 0.566112 -0.217339 -0.818835 -0.922795 -0.679078 -0.386973 -1.58964 0.110148
state143:  0.183469 0.25902 0.881323 0.00214997 -0.292392 0.88635 -0.359008 0.815861 1.13318 -0.393932 0.282312 1.1087 1.02812 0.560107 -0.207619 -0.827287 -0.905294 -0.712462 -0.43006 -1.63769 0.0949896
state144:  0.179715 0.271099 0.883542 0.00713687 -0.28825 0.886107 -0.362871 0.82204 1.14883 -0.333086 0.258452 1.10602 0.996132 0.554226 -0.197835 -0.835075 -0.887795 -0.746 -0.472632 -1.68524 0.0786823
state145:  0.175962 0.283179 0.885761 0.0121234 -0.284091 0.885814 -0.366714 0.828218 1.16448 -0.27224 0.234592 1.10333 0.964146 0.548467 -0.187987 -0.842244 -0.870307 -0.779869 -0.514578 -1.73226 0.0614879
state146:  0.172208 0.295259 0.88798 0.0171092 -0.279915 0.885471 -0.370536 0.834396 1.18013 -0.211394 0.210731 1.10065 0.93216 0.54283 -0.178078 -0.848835 -0.852836 -0.814251 -0.555793 -1.7787 0.0436624
state147:  0.168454 0.307339 0.8902 0.022094 -0.275724 0.885077 -0.374336 0.840574 1.19578 -0.150548 0.186871 1.09796 0.900174 0.537314 -0.168108 -0.854886 -0.83539 -0.849332 -0.59617 -1.82456 0.0254526
state148:  0.1647 0.319419 0.892419 0.0270775 -0.271517 0.884632 -0.378116 0.846753 1.21143 -0.0897025 0.163011 1.09527 0.868188 0.531917 -0.15808 -0.86043 -0.817976 -0.8853 -0.635604 -1.86982 0.00709423
state149:  0.160947 0.331499 0.894638 0.0320595 -0.267295 0.884137 -0.381873 0.852931 1.22709 -0.0288566 0.139151 1.09259 0.836203 0.526638 -0.147995 -0.865498 -0.800598 -0.922346 -0.673988 -1.91448 -0.0111909
state150:  0.157193 0.343579 0.896857 0.0370397 -0.263057 0.883592 -0.385609 0.859109 1.24274 0.0319892 0.115291 1.0899 0.804217 0.521477 -0.137855 -0.870119 -0.783263 -0.960664 -0.711218 -1.95854 -0.0291961
state151:  0.153439 0.355659 0.899077 0.0420178 -0.258804 0.882996 -0.389323 0.865287 1.25839 0.0928351 0.0914304 1.08722 0.772231 0.516433 -0.12766 -0.874317 -0.765976 -1.00045 -0.747185 -2.00198 -0.0467314
state152:  0.149686 0.367739 0.901296 0.0469935 -0.254537 0.88235 -0.393015 0.871465 1.27404 0.153681 0.0675702 1.08453 0.740245 0.511505 -0.117414 -0.878116 -0.748742 -1.04188 -0.781782 -2.04481 -0.0636245
state153:  0.145932 0.379819 0.903515 0.0519665 -0.250255 0.881654 -0.396685 0.877644 1.28969 0.214527 0.04371 1.08185 0.708259 0.506691 -0.107116 -0.881537 -0.731566 -1.08516 -0.814899 -2.08699 -0.079722
state154:  0.142178 0.391898 0.905734 0.0569365 -0.245959 0.880907 -0.400331 0.883822 1.30534 0.275373 0.0198498 1.07916 0.676273 0.501991 -0.0967693 -0.8846 -0.714452 -1.13044 -0.846425 -2.12852 -0.0948896
state155:  0.138424 0.403978 0.907954 0.0619033 -0.241648 0.88011 -0.403955 0.89 1.32099 0.336218 -0.0040104 1.07648 0.644287 0.497404 -0.0863742 -0.887322 -0.697405 -1.17788 -0.876251 -2.16935 -0.109012
state156:  0.134671 0.416058 0.910173 0.0668666 -0.237324 0.879263 -0.407556 0.896178 1.33664 0.397064 -0.0278706 1.07379 0.612301 0.49293 -0.0759324 -0.88972 -0.680428 -1.2276 -0.904266 -2.20945 -0.121996
state157:  0.130917 0.428138 0.912392 0.071826 -0.232987 0.878366 -0.411134 0.902356 1.35229 0.45791 -0.0517308 1.07111 0.580315 0.488567 -0.0654452 -0.891809 -0.663526 -1.27967 -0.930364 -2.24877 -0.133764
state158:  0.127163 0.440218 0.914611 0.0767814 -0.228636 0.877419 -0.414688 0.908535 1.36795 0.518756 -0.075591 1.06842 0.548329 0.484314 -0.054914 -0.893603 -0.646702 -1.33412 -0.954442 -2.28727 -0.14426
state159:  0.12341 0.452298 0.916831 0.0817324 -0.224272 0.876422 -0.418219 0.914713 1.3836 0.579602 -0.0994512 1.06574 0.516343 0.480172 -0.0443401 -0.895114 -0.62996 -1.39092 -0.976404 -2.32487 -0.153447
state160:  0.119656 0.464378 0.91905 0.0866787 -0.219896 0.875374 -0.421725 0.920891 1.39925 0.640448 -0.123311 1.06305 0.484357 0.47614 -0.0337249 -0.896354 -0.613304 -1.44995 -0.996166 -2.36153 -0.161303
state161:  0.115902 0.476458 0.921269 0.0916201 -0.215506 0.874277 -0.425208 0.927069 1.4149 0.701294 -0.147172 1.06037 0.452371 0.472216 -0.0230695 -0.897334 -0.596736 -1.51103 -1.01366 -2.39718 -0.167825
state162:  0.112149 0.488538 0.923488 0.0965562 -0.211105 0.87313 -0.428667 0.933248 1.43055 0.762139 -0.171032 1.05768 0.420385 0.4684 -0.0123752 -0.898064 -0.580262 -1.57386 -1.02883 -2.43176 -0.173024
state163:  0.108395 0.500618 0.925708 0.101487 -0.206691 0.871934 -0.432101 0.939426 1.4462 0.822985 -0.194892 1.05499 0.3884 0.464693 -0.00164334 -0.898553 -0.563882 -1.63808 -1.04165 -2.46521 -0.176923
state164:  0.104641 0.512698 0.927927 0.106412 -0.202266 0.870687 -0.43551 0.945604 1.46185 0.883831 -0.218752 1.05231 0.356414 0.461092 0.00912495 -0.89881 -0.547602 -1.70324 -1.05211 -2.49747 -0.179558
state165:  0.100887 0.524777 0.930146 -0.111331 0.197829 -0.869391 0.438895 0.951782 1.4775 0.944677 -0.242612 1.04962 0.324428 0.457598 0.0199285 -0.898843 -0.531423 -1.76884 -1.06025 -2.5285 -0.180975
state166:  0.100887 0.524777 0.930146 -0.111331 0.197829 -0.869391 0.438895 0.951782 1.4775 0.944677 -0.242612 1.04962 0.324428 0.457598 0.0199285 -0.898843 -0.531423 -1.76884 -1.06025 -2.5285 -0.180975
state167:  0.0908039 0.528291 0.932418 -0.117492 0.185833 -0.867535 0.446143 0.978103 1.4455 0.93484 -0.229677 1.07479 0.335473 0.441814 0.0380501 -0.895119 -0.540891 -1.76639 -1.05537 -2.53288 -0.152865
state168:  0.0807204 0.531804 0.934691 -0.123626 0.173793 -0.865473 0.453286 1.00442 1.41349 0.925002 -0.216741 1.09995 0.346519 0.426363 0.0564644 -0.891506 -0.550636 -1.76441 -1.05051 -2.53754 -0.124678
state169:  0.0706368 0.535317 0.936963 -0.129731 0.161712 -0.863206 0.460321 1.03074 1.38149 0.915165 -0.203805 1.12511 0.357564 0.411239 0.0751607 -0.887968 -0.560671 -1.7629 -1.0457 -2.5425 -0.0964363
state170:  0.0605533 0.53883 0.939236 -0.135804 0.149592 -0.860732 0.467246 1.05706 1.34948 0.905328 -0.190869 1.15028 0.36861 0.396437 0.0941289 -0.884471 -0.571007 -1.76185 -1.041 -2.54781 -0.0681638
state171:  0.0504697 0.542343 0.941508 -0.141846 0.137436 -0.858055 0.474061 1.08339 1.31747 0.89549 -0.177933 1.17544 0.379655 0.381954 0.113359 -0.880978 -0.581653 -1.76124 -1.03643 -2.55349 -0.0398847
state172:  0.0403861 0.545856 0.94378 -0.147853 0.125248 -0.855173 0.480762 1.10971 1.28547 0.885653 -0.164997 1.20061 0.390701 0.367785 0.132841 -0.877453 -0.592617 -1.76105 -1.03202 -2.55957 -0.0116247
state173:  0.0303026 0.54937 0.946053 -0.153826 0.11303 -0.852087 0.487349 1.13603 1.25346 0.875815 -0.152061 1.22577 0.401747 0.353925 0.152567 -0.873857 -0.603903 -1.76126 -1.02782 -2.56608 0.0165895
state174:  0.020219 0.552883 0.948325 -0.159761 0.100785 -0.848799 0.493821 1.16235 1.22146 0.865978 -0.139126 1.25093 0.412792 0.34037 0.172526 -0.870149 -0.615518 -1.76185 -1.02385 -2.57306 0.04473
state175:  0.0101355 0.556396 0.950597 -0.165659 0.0885163 -0.845309 0.500174 1.18867 1.18945 0.856141 -0.12619 1.2761 0.423838 0.327115 0.19271 -0.86629 -0.627462 -1.76279 -1.02014 -2.58052 0.0727684
state176:  5.18944e-05 0.559909 0.95287 -0.171518 0.0762263 -0.841618 0.506409 1.21499 1.15744 0.846303 -0.113254 1.30126 0.434883 0.314156 0.213111 -0.862237 -0.639738 -1.76405 -1.01673 -2.5885 0.100675
state177:  -0.0100317 0.563422 0.955142 -0.177335 0.0639183 -0.837727 0.512523 1.24131 1.12544 0.836466 -0.100318 1.32642 0.445929 0.301489 0.23372 -0.857945 -0.652346 -1.7656 -1.01365 -2.59704 0.12842
state178:  -0.0201152 0.566935 0.957415 -0.183111 0.051595 -0.833636 0.518516 1.26763 1.09343 0.826629 -0.0873823 1.35159 0.456974 0.289111 0.254529 -0.85337 -0.665283 -1.76741 -1.01092 -2.60615 0.155971
state179:  -0.0301988 0.570449 0.959687 -0.188843 0.0392595 -0.829348 0.524385 1.29395 1.06143 0.816791 -0.0744465 1.37675 0.46802 0.277017 0.275531 -0.848464 -0.678546 -1.76945 -1.00857 -2.61588 0.183298
state180:  -0.0402823 0.573962 0.961959 -0.19453 0.0269146 -0.824862 0.530129 1.32027 1.02942 0.806954 -0.0615106 1.40191 0.479065 0.265205 0.296718 -0.843178 -0.692131 -1.77169 -1.00662 -2.62625 0.210367
state181:  -0.0503659 0.577475 0.964232 -0.20017 0.0145634 -0.820179 0.535748 1.34659 0.997415 0.797116 -0.0485748 1.42708 0.490111 0.253672 0.318083 -0.83746 -0.706031 -1.77409 -1.0051 -2.63729 0.237145
state182:  -0.0604495 0.580988 0.966504 -0.205763 0.00220864 -0.815302 0.541239 1.37291 0.965409 0.787279 -0.0356389 1.45224 0.501157 0.242414 0.339619 -0.831255 -0.720238 -1.77662 -1.00403 -2.64905 0.263598
state183:  -0.070533 0.584501 0.968777 -0.211308 -0.0101466 -0.810231 0.546601 1.39923 0.933403 0.777442 -0.0227031 1.4774 0.512202 0.23143 0.361319 -0.824506 -0.734743 -1.77926 -1.00343 -2.66155 0.28969
state184:  -0.070533 0.584501 0.968777 -0.211308 -0.0101466 -0.810231 0.546601 1.39923 0.933403 0.777442 -0.0227031 1.4774 0.512202 0.23143 0.361319 -0.824506 -0.734743 -1.77926 -1.00343 -2.66155 0.28969
state185:  -0.0737691 0.590408 0.972309 -0.210783 -0.00721918 -0.811219 0.545383 1.37742 0.929366 0.788932 0.00979802 1.42571 0.473798 0.235081 0.357418 -0.798266 -0.733611 -1.77143 -0.987014 -2.61778 0.238056
state186:  -0.0770051 0.596316 0.975841 -0.210256 -0.00429167 -0.812197 0.54416 1.35561 0.92533 0.800423 0.0422991 1.37401 0.435395 0.23874 0.353527 -0.77208 -0.732142 -1.76435 -0.970613 -2.57733 0.185124
state187:  -0.0802412 0.602223 0.979373 -0.209726 -0.0013641 -0.813167 0.54293 1.3338 0.921294 0.811913 0.0748003 1.32231 0.396991 0.242405 0.349646 -0.745963 -0.730338 -1.75795 -0.954229 -2.53985 0.131174
state188:  -0.0834772 0.60813 0.982905 -0.209194 0.00156348 -0.814127 0.541694 1.31199 0.917257 0.823404 0.107301 1.27062 0.358588 0.246078 0.345776 -0.719931 -0.728199 -1.75218 -0.937867 -2.50503 0.0764551
state189:  -0.0867133 0.614037 0.986438 -0.20866 0.00449104 -0.815078 0.540452 1.29018 0.913221 0.834894 0.139802 1.21892 0.320184 0.249758 0.341917 -0.693999 -0.725728 -1.74697 -0.921528 -2.47256 0.0211885
state190:  -0.0899493 0.619944 0.98997 -0.208123 0.00741855 -0.81602 0.539204 1.26837 0.909184 0.846385 0.172304 1.16722 0.28178 0.253446 0.338068 -0.668183 -0.722925 -1.74229 -0.905214 -2.44216 -0.0344285
state191:  -0.0931854 0.625851 0.993502 -0.207584 0.010346 -0.816953 0.53795 1.24656 0.905148 0.857875 0.204805 1.11552 0.243377 0.257141 0.334229 -0.642496 -0.719795 -1.73808 -0.888927 -2.41357 -0.0902191
state192:  -0.0964214 0.631759 0.997034 -0.207043 0.0132733 -0.817876 0.53669 1.22475 0.901111 0.869366 0.237306 1.06383 0.204973 0.260844 0.330402 -0.616954 -0.71634 -1.73431 -0.872666 -2.38656 -0.146024
state193:  -0.0996575 0.637666 1.00057 -0.206499 0.0162005 -0.81879 0.535423 1.20294 0.897075 0.880856 0.269807 1.01213 0.16657 0.264554 0.326585 -0.591568 -0.712563 -1.73094 -0.856434 -2.36089 -0.201697
state194:  -0.102894 0.643573 1.0041 -0.205953 0.0191274 -0.819695 0.534151 1.18114 0.893039 0.892347 0.302308 0.960432 0.128166 0.268272 0.322779 -0.566351 -0.708469 -1.72793 -0.840229 -2.33636 -0.257108
state195:  -0.10613 0.64948 1.00763 -0.205404 0.0220542 -0.820591 0.532873 1.15933 0.889002 0.903838 0.334809 0.908734 0.0897623 0.271998 0.318984 -0.541316 -0.704061 -1.72526 -0.824053 -2.31277 -0.312133
state196:  -0.109366 0.655387 1.01116 -0.204854 0.0249807 -0.821477 0.531588 1.13752 0.884966 0.915328 0.36731 0.857037 0.0513587 0.275731 0.3152 -0.516473 -0.699344 -1.7229 -0.807903 -2.28993 -0.36666
state197:  -0.112602 0.661294 1.0147 -0.204301 0.0279069 -0.822354 0.530298 1.11571 0.880929 0.926819 0.399811 0.80534 0.012955 0.279472 0.311427 -0.491832 -0.694324 -1.72083 -0.791781 -2.26765 -0.420582
state198:  -0.115838 0.667202 1.01823 -0.203745 0.0308328 -0.823222 0.529001 1.0939 0.876893 0.938309 0.432313 0.753643 -0.0254486 0.283221 0.307665 -0.467403 -0.689004 -1.71901 -0.775685 -2.24575 -0.4738
state199:  -0.119074 0.673109 1.02176 -0.203188 0.0337584 -0.824081 0.527699 1.07209 0.872857 0.9498 0.464814 0.701945 -0.0638522 0.286978 0.303914 -0.443194 -0.683392 -1.71743 -0.759615 -2.22406 -0.52622
state200:  -0.12231 0.679016 1.02529 -0.202628 0.0366836 -0.82493 0.526391 1.05028 0.86882 0.96129 0.497315 0.650248 -0.102256 0.290742 0.300175 -0.419213 -0.677492 -1.71607 -0.743569 -2.2024 -0.577752
state201:  -0.125546 0.684923 1.02882 -0.202065 0.0396084 -0.82577 0.525076 1.02847 0.864784 0.972781 0.529816 0.598551 -0.140659 0.294515 0.296447 -0.395467 -0.67131 -1.71491 -0.727548 -2.18058 -0.62831
state202:  -0.128782 0.69083 1.03236 -0.201501 0.0425327 -0.8266 0.523756 1.00666 0.860747 0.984271 0.562317 0.546854 -0.179063 0.298296 0.292731 -0.371962 -0.664853 -1.71393 -0.711549 -2.15843 -0.67781
state203:  -0.132018 0.696737 1.03589 -0.200934 0.0454565 -0.827421 0.52243 0.984847 0.856711 0.995762 0.594818 0.495156 -0.217467 0.302085 0.289026 -0.348704 -0.658127 -1.71312 -0.695573 -2.13575 -0.726174
state204:  -0.135254 0.702645 1.03942 -0.200365 0.0483799 -0.828233 0.521098 0.963037 0.852675 1.00725 0.627319 0.443459 -0.25587 0.305882 0.285333 -0.325695 -0.651138 -1.71246 -0.679617 -2.11235 -0.773324
state205:  -0.13849 0.708552 1.04295 -0.199794 0.0513026 -0.829036 0.51976 0.941227 0.848638 1.01874 0.65982 0.391762 -0.294274 0.309688 0.281651 -0.302941 -0.643893 -1.71193 -0.663682 -2.08801 -0.819186
state206:  -0.141726 0.714459 1.04649 -0.19922 0.0542248 -0.829829 0.518416 0.919418 0.844602 1.03023 0.692321 0.340065 -0.332678 0.313501 0.277982 -0.280444 -0.6364 -1.71153 -0.647765 -2.06251 -0.863688
state207:  -0.144962 0.720366 1.05002 -0.198644 0.0571464 -0.830613 0.517066 0.897608 0.840565 1.04172 0.724823 0.288367 -0.371081 0.317323 0.274324 -0.258205 -0.628664 -1.71125 -0.631866 -2.03563 -0.906762
state208:  -0.148198 0.726273 1.05355 -0.198066 0.0600674 -0.831387 0.515711 0.875798 0.836529 1.05321 0.757324 0.23667 -0.409485 0.321154 0.270678 -0.236227 -0.620692 -1.71106 -0.615984 -2.00711 -0.948342
state209:  -0.151434 0.73218 1.05708 -0.197486 0.0629876 -0.832152 0.514349 0.853988 0.832492 1.0647 0.789825 0.184973 -0.447888 0.324992 0.267044 -0.21451 -0.612492 -1.71096 -0.600117 -1.9767 -0.988365
state210:  -0.15467 0.738088 1.06061 -0.196903 0.0659072 -0.832907 0.512982 0.832179 0.828456 1.0762 0.822326 0.133276 -0.486292 0.32884 0.263422 -0.193055 -0.604071 -1.71093 -0.584264 -1.94413 -1.02678
state211:  -0.157906 0.743995 1.06415 -0.196319 0.068826 -0.833653 0.511609 0.810369 0.82442 1.08769 0.854827 0.0815784 -0.524696 0.332695 0.259813 -0.17186 -0.595435 -1.71098 -0.568424 -1.90909 -1.06352
state212:  -0.161142 0.749902 1.06768 -0.195732 0.071744 -0.83439 0.51023 0.788559 0.820383 1.09918 0.887328 0.0298811 -0.563099 0.33656 0.256215 -0.150924 -0.586591 -1.71109 -0.552596 -1.8713 -1.09855
state213:  -0.164378 0.755809 1.07121 -0.195142 0.0746612 -0.835117 0.508846 0.766749 0.816347 1.11067 0.919829 -0.0218161 -0.601503 0.340433 0.25263 -0.130246 -0.577548 -1.71125 -0.536779 -1.83044 -1.13183
state214:  -0.167615 0.761716 1.07474 -0.194551 0.0775776 -0.835835 0.507456 0.74494 0.81231 1.12216 0.95233 -0.0735134 -0.639906 0.344314 0.249058 -0.109824 -0.56831 -1.71145 -0.52097 -1.7862 -1.16332
state215:  -0.170851 0.767623 1.07828 -0.193957 0.0804931 -0.836544 0.506059 0.72313 0.808274 1.13365 0.984832 -0.125211 -0.67831 0.348204 0.245498 -0.0896556 -0.558887 -1.71168 -0.50517 -1.73825 -1.19301
state216:  -0.174087 0.773531 1.08181 -0.193362 0.0834077 -0.837243 0.504658 0.70132 0.804238 1.14514 1.01733 -0.176908 -0.716714 0.352104 0.24195 -0.069737 -0.549283 -1.71194 -0.489376 -1.68628 -1.22089
state217:  -0.177323 0.779438 1.08534 -0.192764 0.0863213 -0.837932 0.50325 0.67951 0.800201 1.15663 1.04983 -0.228605 -0.755117 0.356011 0.238415 -0.0500651 -0.539507 -1.71223 -0.473586 -1.62999 -1.24697
state218:  -0.180559 0.785345 1.08887 -0.192163 0.089234 -0.838612 0.501837 0.6577 0.796165 1.16812 1.08233 -0.280302 -0.793521 0.359928 0.234893 -0.0306362 -0.529565 -1.71252 -0.4578 -1.56907 -1.27127
state219:  -0.183795 0.791252 1.0924 -0.191561 0.0921457 -0.839282 0.500418 0.635891 0.792128 1.17961 1.11484 -0.332 -0.831925 0.363853 0.231384 -0.0114463 -0.519463 -1.71283 -0.442016 -1.50323 -1.29382
state220:  -0.187031 0.797159 1.09594 -0.190957 0.0950563 -0.839943 0.498994 0.614081 0.788092 1.1911 1.14734 -0.383697 -0.870328 0.367788 0.227888 0.00750903 -0.509209 -1.71313 -0.426232 -1.43218 -1.31468
state221:  -0.190267 0.803066 1.09947 -0.19035 0.0979658 -0.840595 0.497564 0.592271 0.784056 1.20259 1.17984 -0.435394 -0.908732 0.371731 0.224405 0.0262344 -0.498809 -1.71343 -0.410446 -1.35559 -1.33392
state222:  -0.193503 0.808974 1.103 -0.189741 0.100874 -0.841237 0.496128 0.570461 0.780019 1.21408 1.21234 -0.487091 -0.947135 0.375684 0.220934 0.0447347 -0.48827 -1.71372 -0.394657 -1.2731 -1.35163
state223:  -0.196739 0.814881 1.10653 -0.18913 0.103782 -0.84187 0.494687 0.548652 0.775983 1.22557 1.24484 -0.538789 -0.985539 0.379645 0.217477 0.0630149 -0.477597 -1.71399 -0.378862 -1.18423 -1.36789
state224:  -0.199975 0.820788 1.11007 -0.188517 0.106688 -0.842493 0.49324 0.526842 0.771946 1.23706 1.27734 -0.590486 -1.02394 0.383615 0.214034 0.0810802 -0.466798 -1.71424 -0.36306 -1.08833 -1.38277
state225:  -0.203211 0.826695 1.1136 -0.187902 0.109593 -0.843106 0.491787 0.505032 0.76791 1.24855 1.30984 -0.642183 -1.06235 0.387595 0.210603 0.0989362 -0.455879 -1.71446 -0.347249 -0.984528 -1.39636
state226:  -0.206447 0.832602 1.11713 -0.187284 0.112496 -0.84371 0.490329 0.483222 0.763874 1.26004 1.34234 -0.69388 -1.10075 0.391584 0.207186 0.116588 -0.444845 -1.71466 -0.331425 -0.871638 -1.40868
state227:  -0.209683 0.838509 1.12066 -0.186665 0.115399 -0.844304 0.488866 0.461412 0.759837 1.27153 1.37484 -0.745578 -1.13915 0.395582 0.203783 0.134042 -0.433703 -1.71482 -0.315588 -0.748188 -1.4197
state228:  -0.212919 0.844417 1.12419 -0.186043 0.1183 -0.844889 0.487396 0.439603 0.755801 1.28303 1.40735 -0.797275 -1.17756 0.399589 0.200393 0.151303 -0.422459 -1.71494 -0.299735 -0.612504 -1.42933
state229:  -0.216155 0.850324 1.12773 0.18542 -0.1212 0.845465 -0.485922 0.417793 0.751764 1.29452 1.43985 -0.848972 -1.21596 0.403605 0.197017 0.168378 -0.411119 -1.71501 -0.283862 -0.463037 -1.43733
state230:  -0.216155 0.850324 1.12773 0.18542 -0.1212 0.845465 -0.485922 0.417793 0.751764 1.29452 1.43985 -0.848972 -1.21596 0.403605 0.197017 0.168378 -0.411119 -1.71501 -0.283862 -0.463037 -1.43733
state231:  -0.218258 0.844034 1.13437 0.174322 -0.116207 0.852119 -0.479584 0.409592 0.774038 1.28184 1.42843 -0.88062 -1.22696 0.380848 0.186707 0.137776 -0.404257 -1.69297 -0.267951 -0.546233 -1.41885
state232:  -0.220361 0.837743 1.14102 0.163184 -0.111187 0.858575 -0.473135 0.40139 0.796311 1.26916 1.417 -0.912267 -1.23796 0.358375 0.175904 0.107716 -0.396414 -1.67033 -0.252388 -0.617579 -1.39994
state233:  -0.222465 0.831453 1.14767 0.152008 -0.106141 0.864832 -0.466576 0.393189 0.818585 1.25647 1.40558 -0.943915 -1.24896 0.336192 0.164618 0.0782347 -0.387619 -1.64711 -0.237167 -0.680649 -1.38076
state234:  -0.224568 0.825163 1.15432 0.140796 -0.101071 0.870888 -0.459909 0.384988 0.840858 1.24379 1.39416 -0.975562 -1.25996 0.314304 0.152863 0.0493656 -0.377907 -1.62336 -0.222278 -0.737848 -1.3614
state235:  -0.226671 0.818873 1.16097 0.129552 -0.0959772 0.876741 -0.453134 0.376787 0.863132 1.23111 1.38274 -1.00721 -1.27096 0.292714 0.140649 0.0211364 -0.367313 -1.59911 -0.20771 -0.790839 -1.34196
state236:  -0.228774 0.812582 1.16761 0.118277 -0.090861 0.88239 -0.446254 0.368585 0.885405 1.21843 1.37132 -1.03886 -1.28196 0.271427 0.127988 -0.00642972 -0.355873 -1.57438 -0.19345 -0.840797 -1.32248
state237:  -0.230877 0.806292 1.17426 0.106975 -0.0857237 0.887834 -0.439271 0.360384 0.907679 1.20575 1.3599 -1.0705 -1.29296 0.250443 0.114893 -0.0333146 -0.343624 -1.54922 -0.179486 -0.888574 -1.30302
state238:  -0.23298 0.800002 1.18091 0.0956486 -0.0805665 0.893071 -0.432185 0.352183 0.929953 1.19307 1.34847 -1.10215 -1.30396 0.229765 0.101376 -0.0595044 -0.330605 -1.52365 -0.165801 -0.934801 -1.28362
state239:  -0.235083 0.793711 1.18756 0.0842996 -0.0753906 0.898101 -0.424999 0.343982 0.952226 1.18039 1.33705 -1.1338 -1.31497 0.209392 0.0874486 -0.0849898 -0.316853 -1.49771 -0.15238 -0.979954 -1.2643
state240:  -0.237186 0.787421 1.1942 0.0729309 -0.0701971 0.902922 -0.417714 0.33578 0.9745 1.16771 1.32563 -1.16545 -1.32597 0.189325 0.0731224 -0.109766 -0.302406 -1.47142 -0.139206 -1.02439 -1.24511
state241:  -0.239289 0.781131 1.20085 0.0615453 -0.0649873 0.907533 -0.410332 0.327579 0.996773 1.15503 1.31421 -1.1971 -1.33697 0.169563 0.0584094 -0.13383 -0.287303 -1.44482 -0.126261 -1.0684 -1.22604
state242:  -0.241392 0.774841 1.2075 0.0501454 -0.0597624 0.911933 -0.402854 0.319378 1.01905 1.14235 1.30279 -1.22874 -1.34797 0.150105 0.0433211 -0.157185 -0.271581 -1.41793 -0.113525 -1.1122 -1.20713
state243:  -0.243495 0.76855 1.21415 0.0387339 -0.0545236 0.916121 -0.395283 0.311177 1.04132 1.12967 1.29137 -1.26039 -1.35897 0.130947 0.027869 -0.179836 -0.255277 -1.3908 -0.100979 -1.15597 -1.18839
state244:  -0.245598 0.76226 1.2208 0.0273133 -0.0492721 0.920096 -0.38762 0.302975 1.06359 1.11699 1.27995 -1.29204 -1.36997 0.112087 0.0120643 -0.201789 -0.238428 -1.36343 -0.088603 -1.19983 -1.16981
state245:  -0.247701 0.75597 1.22744 0.0158864 -0.0440092 0.923857 -0.379866 0.294774 1.08587 1.10431 1.26852 -1.32369 -1.38097 0.0935228 -0.00408173 -0.223056 -0.221069 -1.33587 -0.0763758 -1.2439 -1.15141
state246:  -0.249804 0.74968 1.23409 0.00445575 -0.038736 0.927404 -0.372025 0.286573 1.10814 1.09163 1.2571 -1.35533 -1.39197 0.07525 -0.0205584 -0.243648 -0.203236 -1.30815 -0.0642762 -1.28827 -1.13318
state247:  -0.251907 0.743389 1.24074 -0.0069759 -0.0334538 0.930734 -0.364096 0.278372 1.13041 1.07895 1.24568 -1.38698 -1.40297 0.0572646 -0.0373549 -0.263579 -0.184962 -1.28028 -0.0522829 -1.333 -1.11511
state248:  -0.254011 0.737099 1.24739 -0.0184059 -0.0281638 0.933848 -0.356084 0.27017 1.15269 1.06627 1.23426 -1.41863 -1.41397 0.0395624 -0.054461 -0.282864 -0.16628 -1.2523 -0.0403743 -1.37814 -1.09721
state249:  -0.256114 0.730809 1.25403 -0.0298317 -0.0228673 0.936745 -0.347988 0.261969 1.17496 1.05359 1.22284 -1.45028 -1.42497 0.0221385 -0.0718663 -0.301521 -0.147221 -1.22423 -0.0285285 -1.42373 -1.07945
state250:  -0.258217 0.724519 1.26068 -0.0412505 -0.0175655 0.939424 -0.339811 0.253768 1.19723 1.04091 1.21142 -1.48192 -1.43597 0.00498814 -0.089561 -0.319566 -0.127817 -1.1961 -0.016724 -1.46978 -1.06183
state251:  -0.26032 0.718228 1.26733 -0.0526597 -0.0122596 0.941885 -0.331556 0.245567 1.21951 1.02823 1.19999 -1.51357 -1.44697 -0.011894 -0.107535 -0.337019 -0.108097 -1.16793 -0.00493939 -1.51633 -1.04431
state252:  -0.262423 0.711938 1.27398 -0.0640567 -0.00695081 0.944127 -0.323223 0.237365 1.24178 1.01555 1.18857 -1.54522 -1.45797 -0.0285134 -0.12578 -0.353897 -0.0880901 -1.13975 0.00684652 -1.56337 -1.02688
state253:  -0.264526 0.705648 1.28063 -0.0754388 -0.00164043 0.946149 -0.314815 0.229164 1.26406 1.00287 1.17715 -1.57687 -1.46897 -0.0448756 -0.144286 -0.370221 -0.0678229 -1.11159 0.0186545 -1.6109 -1.00951
state254:  -0.264526 0.705648 1.28063 -0.0754388 -0.00164043 0.946149 -0.314815 0.229164 1.26406 1.00287 1.17715 -1.57687 -1.46897 -0.0448756 -0.144286 -0.370221 -0.0678229 -1.11159 0.0186545 -1.6109 -1.00951
state255:  -0.263152 0.701093 1.27631 -0.0722056 0.0025139 0.944289 -0.321088 0.238787 1.25078 1.01222 1.18272 -1.50549 -1.44651 -0.0516098 -0.135163 -0.371843 -0.0663457 -1.119 0.0239754 -1.56243 -0.99413
state256:  -0.261778 0.696538 1.27199 -0.0689674 0.00666806 0.942364 -0.327338 0.24841 1.2375 1.02157 1.18829 -1.43411 -1.42404 -0.0582125 -0.125952 -0.373438 -0.0650043 -1.12653 0.0293007 -1.51785 -0.979138
state257:  -0.260405 0.691984 1.26767 -0.0657243 0.0108217 0.940371 -0.333565 0.258034 1.22422 1.03092 1.19386 -1.36273 -1.40158 -0.0646839 -0.116655 -0.375004 -0.0637981 -1.13415 0.0346277 -1.47687 -0.964654
state258:  -0.259031 0.687429 1.26335 -0.0624765 0.0149747 0.938312 -0.339768 0.267657 1.21094 1.04027 1.19943 -1.29135 -1.37912 -0.0710245 -0.107275 -0.376535 -0.0627264 -1.14189 0.0399539 -1.43924 -0.950768
state259:  -0.257657 0.682874 1.25903 -0.0592244 0.0191265 0.936188 -0.345947 0.27728 1.19766 1.04963 1.205 -1.21997 -1.35665 -0.0772346 -0.0978126 -0.378029 -0.0617887 -1.14974 0.0452767 -1.40473 -0.937544
state260:  -0.256284 0.67832 1.25471 -0.055968 0.0232771 0.933997 -0.352102 0.286903 1.18438 1.05898 1.21057 -1.14859 -1.33419 -0.0833147 -0.0882707 -0.379482 -0.0609843 -1.15769 0.0505934 -1.37317 -0.925025
state261:  -0.25491 0.673765 1.25039 -0.0527078 0.0274259 0.93174 -0.358233 0.296526 1.17111 1.06833 1.21614 -1.07721 -1.31172 -0.089265 -0.0786512 -0.380889 -0.0603122 -1.16576 0.0559016 -1.34438 -0.913234
state262:  -0.253536 0.66921 1.24608 -0.0494438 0.0315729 0.929417 -0.364337 0.306149 1.15783 1.07768 1.22171 -1.00583 -1.28926 -0.095086 -0.0689561 -0.382247 -0.0597718 -1.17393 0.0611984 -1.31824 -0.902177
state263:  -0.252162 0.664655 1.24176 -0.0461763 0.0357176 0.927029 -0.370417 0.315772 1.14455 1.08703 1.22727 -0.934452 -1.2668 -0.100778 -0.0591873 -0.383552 -0.0593621 -1.18221 0.0664814 -1.29464 -0.891842
state264:  -0.250789 0.660101 1.23744 -0.0429056 0.0398598 0.924576 -0.37647 0.325396 1.13127 1.09638 1.23284 -0.863072 -1.24433 -0.106342 -0.0493469 -0.384801 -0.0590821 -1.1906 0.0717477 -1.27347 -0.882204
state265:  -0.249415 0.655546 1.23312 -0.0396318 0.0439992 0.922057 -0.382496 0.335019 1.11799 1.10573 1.23841 -0.791693 -1.22187 -0.111777 -0.0394368 -0.38599 -0.0589308 -1.1991 0.0769949 -1.25466 -0.873223
state266:  -0.248041 0.650991 1.2288 -0.0363552 0.0481355 0.919474 -0.388496 0.344642 1.10471 1.11509 1.24398 -0.720313 -1.1994 -0.117084 -0.0294588 -0.387116 -0.0589072 -1.20771 0.0822201 -1.23812 -0.864846
state267:  -0.246667 0.646437 1.22448 -0.0330761 0.0522684 0.916826 -0.394468 0.354265 1.09143 1.12444 1.24955 -0.648934 -1.17694 -0.122264 -0.0194149 -0.388175 -0.0590102 -1.21643 0.0874208 -1.2238 -0.857012
state268:  -0.245294 0.641882 1.22016 -0.0297947 0.0563976 0.914112 -0.400412 0.363888 1.07815 1.13379 1.25512 -0.577555 -1.15448 -0.127317 -0.00930695 -0.389164 -0.0592385 -1.22525 0.0925941 -1.21163 -0.849647
state269:  -0.24392 0.637327 1.21585 -0.0265111 0.0605228 0.911335 -0.406328 0.373511 1.06488 1.14314 1.26069 -0.506175 -1.13201 -0.132243 0.000863225 -0.390079 -0.0595909 -1.23419 0.0977372 -1.20154 -0.84267
state270:  -0.242546 0.632772 1.21153 -0.0232257 0.0646437 0.908493 -0.412216 0.383134 1.0516 1.15249 1.26626 -0.434796 -1.10955 -0.137042 0.0110938 -0.390918 -0.0600662 -1.24323 0.102848 -1.19347 -0.835994
state271:  -0.241172 0.628218 1.20721 -0.0199387 0.0687602 0.905587 -0.418074 0.392758 1.03832 1.16184 1.27183 -0.363417 -1.08708 -0.141714 0.021383 -0.391677 -0.0606629 -1.25239 0.107922 -1.18735 -0.829524
state272:  -0.239799 0.623663 1.20289 -0.0166502 0.0728717 0.902618 -0.423903 0.402381 1.02504 1.17119 1.2774 -0.292037 -1.06462 -0.146261 0.0317289 -0.392352 -0.0613799 -1.26165 0.112959 -1.18309 -0.823164
state273:  -0.238425 0.619108 1.19857 -0.0133605 0.0769781 0.899584 -0.429702 0.412004 1.01176 1.18054 1.28297 -0.220658 -1.04216 -0.150681 0.0421299 -0.392942 -0.0622155 -1.27103 0.117954 -1.1806 -0.816814
state274:  -0.237051 0.614554 1.19425 -0.01007 0.0810791 0.896487 -0.435471 0.421627 0.998483 1.1899 1.28854 -0.149279 -1.01969 -0.154976 0.0525842 -0.393442 -0.0631684 -1.28051 0.122904 -1.1798 -0.810373
state275:  -0.235678 0.609999 1.18993 -0.00677868 0.0851744 0.893327 -0.441209 0.43125 0.985205 1.19925 1.29411 -0.0778992 -0.997229 -0.159145 0.0630901 -0.39385 -0.064237 -1.29011 0.127808 -1.18056 -0.803742
state276:  -0.234304 0.605444 1.18561 -0.00348691 0.0892636 0.890105 -0.446916 0.440873 0.971926 1.2086 1.29967 -0.00651986 -0.974765 -0.163188 0.0736458 -0.394162 -0.0654197 -1.29981 0.132662 -1.18278 -0.796826
state277:  -0.23293 0.600889 1.1813 -0.000194899 0.0933466 0.886819 -0.452591 0.450496 0.958647 1.21795 1.30524 0.0648595 -0.952301 -0.167106 0.0842497 -0.394376 -0.0667149 -1.30963 0.137463 -1.18632 -0.789533
state278:  -0.231556 0.596335 1.17698 0.00309713 0.097423 0.88347 -0.458235 0.46012 0.945369 1.2273 1.31081 0.136239 -0.929837 -0.170898 0.0949 -0.39449 -0.0681209 -1.31955 0.142208 -1.19104 -0.78178
state279:  -0.230183 0.59178 1.17266 0.00638894 0.101493 0.88006 -0.463846 0.469743 0.93209 1.23665 1.31638 0.207618 -0.907373 -0.174565 0.105595 -0.394499 -0.0696361 -1.32959 0.146894 -1.19679 -0.77349
state280:  -0.228809 0.587225 1.16834 0.0096803 0.105555 0.876587 -0.469424 0.479366 0.918812 1.246 1.32195 0.278998 -0.884909 -0.178105 0.116334 -0.394403 -0.0712586 -1.33973 0.151518 -1.20341 -0.764596
state281:  -0.227435 0.582671 1.16402 0.012971 0.10961 0.873053 -0.47497 0.488989 0.905533 1.25536 1.32752 0.350377 -0.862445 -0.18152 0.127113 -0.394197 -0.0729866 -1.34999 0.156077 -1.21076 -0.755044
state282:  -0.226061 0.578116 1.1597 0.0162607 0.113657 0.869457 -0.480482 0.498612 0.892254 1.26471 1.33309 0.421756 -0.839981 -0.184809 0.137933 -0.393879 -0.0748183 -1.36035 0.160567 -1.21866 -0.744788
state283:  -0.224688 0.573561 1.15538 -0.0195493 -0.117696 -0.865799 0.48596 0.508235 0.878976 1.27406 1.33866 0.493136 -0.817517 -0.187972 0.148791 -0.393446 -0.0767518 -1.37083 0.164987 -1.22696 -0.733797
state284:  -0.224688 0.573561 1.15538 -0.0195493 -0.117696 -0.865799 0.48596 0.508235 0.878976 1.27406 1.33866 0.493136 -0.817517 -0.187972 0.148791 -0.393446 -0.0767518 -1.37083 0.164987 -1.22696 -0.733797
state285:  -0.218987 0.559877 1.14162 -0.0206772 -0.119996 -0.862037 0.492002 0.477328 0.833257 1.28985 1.33616 0.477071 -0.769919 -0.189918 0.154337 -0.363113 -0.0699536 -1.37649 0.132188 -1.26036 -0.71558
state286:  -0.213286 0.546193 1.12786 -0.0218038 -0.122288 -0.858225 0.498016 0.446421 0.787539 1.30564 1.33366 0.461006 -0.722321 -0.19179 0.159909 -0.334299 -0.0605782 -1.38 0.101016 -1.28845 -0.69584
state287:  -0.207585 0.532509 1.1141 -0.0229292 -0.124574 -0.854364 0.504002 0.415514 0.741821 1.32143 1.33116 0.444941 -0.674723 -0.193585 0.165505 -0.307194 -0.0487382 -1.38144 0.0716214 -1.31146 -0.674623
state288:  -0.201884 0.518825 1.10035 -0.0240532 -0.126852 -0.850454 0.509959 0.384607 0.696103 1.33722 1.32866 0.428876 -0.627125 -0.195305 0.171125 -0.281976 -0.0345633 -1.38091 0.0441498 -1.32965 -0.651907
state289:  -0.196183 0.505141 1.08659 -0.0251759 -0.129123 -0.846496 0.515886 0.3537 0.650385 1.35301 1.32616 0.412811 -0.579527 -0.196948 0.176767 -0.258808 -0.0181985 -1.37851 0.0187444 -1.34332 -0.627613
state290:  -0.190482 0.491457 1.07283 -0.0262972 -0.131387 -0.842489 0.521784 0.322793 0.604667 1.3688 1.32366 0.396746 -0.531929 -0.198515 0.182432 -0.237839 0.000197807 -1.37436 -0.00445716 -1.35281 -0.60162
state291:  -0.184781 0.477773 1.05907 -0.0274169 -0.133643 -0.838433 0.527653 0.291886 0.558948 1.38459 1.32116 0.380681 -0.484332 -0.200004 0.188116 -0.219205 0.020456 -1.36859 -0.0253237 -1.35847 -0.573772
state292:  -0.17908 0.464089 1.04531 -0.0285351 -0.135892 -0.83433 0.533491 0.260979 0.51323 1.40038 1.31866 0.364616 -0.436734 -0.201416 0.193821 -0.203028 0.0423968 -1.36134 -0.0437327 -1.36067 -0.543897
state293:  -0.173379 0.450405 1.03155 -0.0296516 -0.138133 -0.830179 0.539298 0.230072 0.467512 1.41617 1.31616 0.348551 -0.389136 -0.202749 0.199543 -0.18942 0.0658327 -1.35276 -0.0595718 -1.35978 -0.51181
state294:  -0.167678 0.436721 1.01779 -0.0307665 -0.140365 -0.825981 0.545075 0.199165 0.421794 1.43196 1.31365 0.332485 -0.341538 -0.204004 0.205283 -0.17848 0.0905692 -1.34303 -0.0727412 -1.3562 -0.477334
state295:  -0.161977 0.423037 1.00403 -0.0318796 -0.14259 -0.821735 0.55082 0.168258 0.376076 1.44775 1.31115 0.31642 -0.29394 -0.20518 0.211039 -0.1703 0.116406 -1.33232 -0.0831556 -1.35028 -0.440302
state296:  -0.156276 0.409353 0.990267 -0.0329908 -0.144807 -0.817443 0.556534 0.137351 0.330357 1.46354 1.30865 0.300355 -0.246342 -0.206277 0.216811 -0.164965 0.143137 -1.32084 -0.0907458 -1.34239 -0.400569
state297:  -0.150575 0.395669 0.976507 -0.0341002 -0.147015 -0.813103 0.562216 0.106444 0.284639 1.47933 1.30615 0.28429 -0.198744 -0.207293 0.222597 -0.162553 0.170551 -1.30879 -0.0954605 -1.33285 -0.358015
state298:  -0.144874 0.381985 0.962747 -0.0352076 -0.149215 -0.808717 0.567866 0.0755373 0.238921 1.49512 1.30365 0.268225 -0.151146 -0.20823 0.228395 -0.16314 0.198433 -1.29638 -0.097267 -1.32198 -0.312553
state299:  -0.139173 0.368301 0.948988 0.0363131 0.151407 0.804285 -0.573484 0.0446303 0.193203 1.51091 1.30115 0.25216 -0.103549 -0.209085 0.234206 -0.166794 0.226562 -1.28383 -0.0961527 -1.31004 -0.264125
state300:  -0.139173 0.368301 0.948988 0.0363131 0.151407 0.804285 -0.573484 0.0446303 0.193203 1.51091 1.30115 0.25216 -0.103549 -0.209085 0.234206 -0.166794 0.226562 -1.28383 -0.0961527 -1.31004 -0.264125
state301:  -0.136804 0.363434 0.947823 0.0332961 0.145507 0.799882 -0.581298 0.00290912 0.210841 1.47641 1.29574 0.209353 -0.0745041 -0.200393 0.224308 -0.149287 0.258264 -1.21683 -0.113831 -1.2412 -0.254269
state302:  -0.134435 0.358567 0.946659 0.0302751 0.13959 0.79538 -0.58904 -0.038812 0.228479 1.4419 1.29032 0.166546 -0.0454598 -0.191924 0.214243 -0.130791 0.289418 -1.1498 -0.130959 -1.17127 -0.239137
state303:  -0.132066 0.3537 0.945495 0.0272503 0.133655 0.790779 -0.596709 -0.0805332 0.246117 1.4074 1.28491 0.123739 -0.0164154 -0.183681 0.204016 -0.111264 0.319991 -1.08273 -0.147477 -1.10069 -0.21913
state304:  -0.129697 0.348833 0.944331 0.0242221 0.127703 0.78608 -0.604304 -0.122254 0.263755 1.37289 1.2795 0.0809325 0.0126289 -0.175662 0.193631 -0.0906644 0.349946 -1.0156 -0.163335 -1.02981 -0.194748
state305:  -0.127328 0.343966 0.943167 0.0211909 0.121735 0.781283 -0.611824 -0.163976 0.281393 1.33839 1.27408 0.0381255 0.0416733 -0.167869 0.183094 -0.0689481 0.379246 -0.948408 -0.178488 -0.958825 -0.166566
state306:  -0.124959 0.339099 0.942003 0.018157 0.115753 0.776389 -0.619267 -0.205697 0.299031 1.30388 1.26867 -0.00468149 0.0707176 -0.160302 0.17241 -0.0460725 0.407852 -0.881157 -0.192897 -0.887813 -0.135217
state307:  -0.12259 0.334232 0.940839 0.0151209 0.109755 0.771398 -0.626633 -0.247418 0.316669 1.26938 1.26325 -0.0474885 0.099762 -0.15296 0.161584 -0.0219951 0.435723 -0.813852 -0.206529 -0.816739 -0.10138
state308:  -0.120221 0.329365 0.939675 0.012083 0.103745 0.766312 -0.633922 -0.289139 0.334307 1.23487 1.25784 -0.0902954 0.128806 -0.145844 0.15062 0.00332568 0.462816 -0.746505 -0.219361 -0.745472 -0.0657628
state309:  -0.117852 0.324498 0.93851 0.00904348 0.0977211 0.76113 -0.641132 -0.33086 0.351946 1.20037 1.25242 -0.133102 0.157851 -0.138953 0.139523 0.0299294 0.489085 -0.679132 -0.231375 -0.673815 -0.0290967
state310:  -0.115483 0.319631 0.937346 0.00600287 0.0916852 0.755853 -0.648262 -0.372581 0.369584 1.16586 1.24701 -0.175909 0.186895 -0.132288 0.128298 0.057853 0.514486 -0.611756 -0.24256 -0.601528 0.00787349
state311:  -0.113114 0.314764 0.936182 0.00296151 0.085638 0.750483 -0.655311 -0.414302 0.387222 1.13136 1.2416 -0.218716 0.215939 -0.125848 0.116951 0.0871296 0.538968 -0.5444 -0.252914 -0.528355 0.0443933
state312:  -0.110745 0.309897 0.935018 -8.02145e-05 0.0795802 0.745019 -0.662279 -0.456024 0.40486 1.09685 1.23618 -0.261523 0.244984 -0.119632 0.105485 0.117787 0.562484 -0.477095 -0.262442 -0.454055 0.0797035
state313:  -0.108376 0.30503 0.933854 -0.00312193 0.0735124 0.739463 -0.669165 -0.497745 0.422498 1.06235 1.23077 -0.30433 0.274028 -0.113642 0.0939047 0.149848 0.584982 -0.40987 -0.271157 -0.378427 0.113045
state314:  -0.106007 0.300163 0.93269 -0.00616326 0.0674356 0.733814 -0.675967 -0.539466 0.440136 1.02784 1.22535 -0.347137 0.303073 -0.107875 0.0822156 0.183326 0.606411 -0.342761 -0.27908 -0.30134 0.143669
state315:  -0.103638 0.295296 0.931526 -0.00920382 0.0613503 0.728074 -0.682685 -0.581187 0.457774 0.993337 1.21994 -0.389944 0.332117 -0.102333 0.0704219 0.218225 0.626718 -0.275802 -0.286236 -0.222758 0.170842
state316:  -0.101269 0.290429 0.930362 -0.0122432 0.0552574 0.722244 -0.689319 -0.622908 0.475412 0.958832 1.21452 -0.432751 0.361161 -0.0970156 0.0585281 0.25454 0.645852 -0.209029 -0.29266 -0.142766 0.193869
state317:  -0.0989 0.285562 0.929197 -0.0152811 0.0491576 0.716324 -0.695866 -0.664629 0.49305 0.924327 1.20911 -0.475558 0.390206 -0.0919216 0.0465386 0.292253 0.663762 -0.142476 -0.298393 -0.061585 0.212103
state318:  -0.096531 0.280695 0.928033 -0.0183171 0.0430517 0.710315 -0.702327 -0.706351 0.510688 0.889822 1.20369 -0.518365 0.41925 -0.0870513 0.0344578 0.331331 0.680397 -0.0761808 -0.303481 0.0204213 0.224973
state319:  -0.0941621 0.275828 0.926869 -0.0213508 0.0369405 0.704218 -0.708701 -0.748072 0.528326 0.855317 1.19828 -0.561172 0.448294 -0.0824046 0.0222901 0.371727 0.695712 -0.0101755 -0.307976 0.102753 0.232002
state320:  -0.0917931 0.270961 0.925705 -0.0243819 0.0308246 0.698032 -0.714987 -0.789793 0.545964 0.820812 1.19287 -0.603979 0.477339 -0.0779816 0.0100399 0.413377 0.70966 0.0555073 -0.311935 0.184796 0.232829
state321:  -0.0894241 0.266094 0.924541 -0.0274099 0.024705 0.691761 -0.721183 -0.831514 0.563602 0.786307 1.18745 -0.646786 0.506383 -0.0737821 -0.00228858 0.456203 0.722203 0.120837 -0.315419 0.265857 0.227223
state322:  -0.0870551 0.261227 0.923377 -0.0304345 0.0185822 0.685403 -0.727291 -0.873235 0.581241 0.751802 1.18204 -0.689593 0.535427 -0.0698063 -0.014691 0.500106 0.733306 0.185786 -0.318495 0.345208 0.215094
state323:  -0.0846861 0.25636 0.922213 -0.0334554 0.0124572 0.67896 -0.733307 -0.914956 0.598879 0.717297 1.17662 -0.7324 0.564472 -0.0660543 -0.0271632 0.544976 0.74294 0.250329 -0.321229 0.422137 0.19649
state324:  -0.0823172 0.251493 0.921049 -0.036472 0.00633057 0.672432 -0.739233 -0.956677 0.616517 0.682792 1.17121 -0.775207 0.593516 -0.0625264 -0.0397009 0.590686 0.751083 0.314443 -0.323693 0.495987 0.171584
state325:  -0.0799482 0.246626 0.919884 -0.0394842 0.000203181 0.665821 -0.745066 -0.998399 0.634155 0.648287 1.16579 -0.818014 0.62256 -0.0592228 -0.0522999 0.637095 0.757721 0.378109 -0.325959 0.566191 0.140664
state326:  -0.0775792 0.241759 0.91872 0.0424914 0.00592423 -0.659127 0.750807 -1.04012 0.651793 0.613782 1.16038 -0.860821 0.651605 -0.0561439 -0.0649561 0.684054 0.762849 0.441307 -0.3281 0.632285 0.104104
state327:  -0.0775792 0.241759 0.91872 0.0424914 0.00592423 -0.659127 0.750807 -1.04012 0.651793 0.613782 1.16038 -0.860821 0.651605 -0.0561439 -0.0649561 0.684054 0.762849 0.441307 -0.3281 0.632285 0.104104
state328:  -0.082524 0.231456 0.920097 0.0466907 0.00740344 -0.652049 0.756701 -1.01467 0.688594 0.58458 1.18066 -0.871683 0.694767 -0.0612044 -0.0721563 0.671168 0.723793 0.426597 -0.351271 0.615766 0.0838732
state329:  -0.0874688 0.221153 0.921474 0.0508851 0.00888187 -0.644903 0.762517 -0.989214 0.725396 0.555379 1.20095 -0.882545 0.737929 -0.0664027 -0.0792601 0.657581 0.685712 0.410172 -0.371836 0.600247 0.0675931
state330:  -0.0924136 0.210849 0.922851 0.0550742 0.0103594 -0.63769 0.768252 -0.963761 0.762197 0.526177 1.22123 -0.893407 0.781092 -0.0717376 -0.0862647 0.643284 0.648665 0.392294 -0.38963 0.586325 0.0549632
state331:  -0.0973584 0.200546 0.924229 0.0592575 0.0118358 -0.63041 0.773907 -0.938308 0.798998 0.496975 1.24152 -0.904269 0.824254 -0.077208 -0.0931674 0.628273 0.612711 0.373275 -0.404517 0.574554 0.0455826
state332:  -0.102303 0.190243 0.925606 0.0634346 0.013311 -0.623064 0.779481 -0.912856 0.8358 0.467774 1.2618 -0.915131 0.867416 -0.0828126 -0.0999653 0.612545 0.577914 0.353468 -0.416396 0.565432 0.0389571
state333:  -0.107248 0.17994 0.926983 0.0676051 0.0147847 -0.615652 0.784973 -0.887403 0.872601 0.438572 1.28209 -0.925992 0.910579 -0.0885501 -0.106656 0.596104 0.544335 0.333266 -0.425206 0.55938 0.0345103
state334:  -0.112193 0.169636 0.92836 0.0717685 0.016257 -0.608177 0.790384 -0.86195 0.909402 0.40937 1.30237 -0.936854 0.953741 -0.0944191 -0.113236 0.578953 0.512038 0.313087 -0.43093 0.556728 0.0315972
state335:  -0.117138 0.159333 0.929737 0.0759244 0.0177275 -0.600637 0.795711 -0.836497 0.946204 0.380169 1.32265 -0.947716 0.996903 -0.100418 -0.119704 0.561103 0.481088 0.293364 -0.433599 0.557703 0.0295209
state336:  -0.122082 0.14903 0.931114 0.0800723 0.0191962 -0.593035 0.800955 -0.811044 0.983005 0.350967 1.34294 -0.958578 1.04007 -0.106546 -0.126056 0.542568 0.45155 0.27453 -0.43329 0.562417 0.0275511
state337:  -0.127027 0.138727 0.932491 0.0842119 0.0206629 -0.58537 0.806116 -0.785591 1.01981 0.321765 1.36322 -0.96944 1.08323 -0.112801 -0.132289 0.523368 0.423486 0.257006 -0.430128 0.570864 0.0249442
state338:  -0.131972 0.128423 0.933868 0.0883427 0.0221274 -0.577645 0.811192 -0.760138 1.05661 0.292564 1.38351 -0.980302 1.12639 -0.119181 -0.138402 0.503529 0.396962 0.241189 -0.424282 0.58292 0.0209634
state339:  -0.136917 0.11812 0.935245 0.0924642 0.0235896 -0.569859 0.816183 -0.734686 1.09341 0.263362 1.40379 -0.991164 1.16955 -0.125685 -0.144391 0.483082 0.372038 0.227436 -0.415961 0.598341 0.0149005
state340:  -0.141862 0.107817 0.936622 0.096576 0.0250493 -0.562013 0.821089 -0.709233 1.13021 0.23416 1.42407 -1.00203 1.21271 -0.132311 -0.150254 0.462065 0.348776 0.216062 -0.405407 0.616776 0.00609514
state341:  -0.146806 0.0975136 0.937999 0.100678 0.0265064 -0.554108 0.825909 -0.68378 1.16701 0.204958 1.44436 -1.01289 1.25588 -0.139057 -0.155988 0.440525 0.327232 0.207334 -0.392894 0.637776 -0.00604573
state342:  -0.146806 0.0975136 0.937999 0.100678 0.0265064 -0.554108 0.825909 -0.68378 1.16701 0.204958 1.44436 -1.01289 1.25588 -0.139057 -0.155988 0.440525 0.327232 0.207334 -0.392894 0.637776 -0.00604573
state343:  -0.147382 0.0947929 0.936391 0.102013 0.0202258 -0.542593 0.833533 -0.662738 1.17045 0.224671 1.40884 -0.993533 1.23951 -0.150247 -0.144927 0.427433 0.332745 0.203793 -0.374948 0.636464 0.00528083
state344:  -0.147957 0.0920723 0.934782 0.103324 0.0139406 -0.530952 0.840964 -0.641697 1.17389 0.244383 1.37333 -0.974178 1.22314 -0.161105 -0.133564 0.414797 0.33814 0.199249 -0.358244 0.633526 0.0173278
state345:  -0.148532 0.0893516 0.933174 0.104612 0.00765208 -0.519188 0.848199 -0.620655 1.17733 0.264095 1.33782 -0.954823 1.20677 -0.171626 -0.121909 0.402618 0.343407 0.193813 -0.342829 0.628895 0.0299166
state346:  -0.149108 0.086631 0.931565 0.105875 0.00136181 -0.507303 0.855238 -0.599614 1.18077 0.283807 1.3023 -0.935468 1.1904 -0.181807 -0.109972 0.390898 0.348533 0.187588 -0.328744 0.622517 0.0428639
state347:  -0.149683 0.0839104 0.929956 0.107113 -0.00492878 -0.495301 0.862079 -0.578572 1.18422 0.30352 1.26679 -0.916113 1.17404 -0.191643 -0.0977644 0.379636 0.353506 0.180677 -0.316025 0.614355 0.0559824
state348:  -0.150258 0.0811897 0.928348 0.108327 -0.0112182 -0.483183 0.868719 -0.55753 1.18766 0.323232 1.23127 -0.896758 1.15767 -0.201132 -0.0852962 0.36883 0.358315 0.17318 -0.304702 0.604385 0.0690822
state349:  -0.150834 0.0784691 0.926739 0.109516 -0.0175051 -0.470954 0.875158 -0.536489 1.1911 0.342944 1.19576 -0.877404 1.1413 -0.210271 -0.0725782 0.358478 0.362946 0.165195 -0.294801 0.592597 0.0819715
state350:  -0.151409 0.0757484 0.925131 0.110679 -0.0237878 -0.458616 0.881394 -0.515447 1.19454 0.362656 1.16025 -0.858049 1.12493 -0.219057 -0.0596207 0.348577 0.367387 0.15682 -0.28634 0.578998 0.0944578
state351:  -0.151984 0.0730278 0.923522 0.111817 -0.0300651 -0.446171 0.887426 -0.494406 1.19798 0.382369 1.12473 -0.838694 1.10856 -0.227486 -0.0464342 0.339122 0.371624 0.148151 -0.279336 0.563608 0.106349
state352:  -0.15256 0.0703071 0.921914 0.112928 -0.0363354 -0.433622 0.893252 -0.473364 1.20142 0.402081 1.08922 -0.819339 1.09219 -0.235558 -0.0330291 0.33011 0.375644 0.139283 -0.273796 0.546465 0.117454
state353:  -0.153135 0.0675865 0.920305 0.114014 -0.0425972 -0.420973 0.89887 -0.452323 1.20486 0.421793 1.0537 -0.799984 1.07583 -0.243269 -0.0194159 0.321534 0.379432 0.130311 -0.269726 0.527624 0.127585
state354:  -0.15371 0.0648658 0.918697 0.115073 -0.0488492 -0.408226 0.90428 -0.431281 1.2083 0.441505 1.01819 -0.780629 1.05946 -0.250618 -0.00560469 0.313386 0.382976 0.121328 -0.267125 0.507157 0.136558
state355:  -0.154285 0.0621452 0.917088 0.116105 -0.0550899 -0.395385 0.909481 -0.410239 1.21174 0.461218 0.982675 -0.761274 1.04309 -0.257603 0.00839407 0.305659 0.386262 0.112427 -0.265987 0.485155 0.144195
state356:  -0.154861 0.0594245 0.915479 0.11711 -0.0613177 -0.382452 0.91447 -0.389198 1.21518 0.48093 0.947161 -0.741919 1.02672 -0.26422 0.0225702 0.298342 0.389275 0.103697 -0.2663 0.461724 0.150325
state357:  -0.155436 0.0567039 0.913871 0.118089 -0.0675314 -0.36943 0.919247 -0.368156 1.21862 0.500642 0.911647 -0.722565 1.01035 -0.270469 0.0369135 0.291426 0.392001 0.095231 -0.26805 0.436992 0.154787
state358:  -0.156011 0.0539832 0.912262 0.119039 -0.0737294 -0.356323 0.923811 -0.347115 1.22206 0.520354 0.876133 -0.70321 0.993984 -0.276347 0.0514138 0.2849 0.394428 0.0871163 -0.271215 0.411101 0.157428
state359:  -0.156587 0.0512626 0.910654 0.119963 -0.0799102 -0.343133 0.928161 -0.326073 1.2255 0.540067 0.840619 -0.683855 0.977616 -0.281853 0.0660611 0.278749 0.396541 0.0794409 -0.275771 0.38421 0.158112
state360:  -0.157162 0.0485419 0.909045 0.120858 -0.0860726 -0.329863 0.932296 -0.305032 1.22894 0.559779 0.805105 -0.6645 0.961248 -0.286983 0.0808451 0.272961 0.398327 0.072291 -0.281688 0.356492 0.156714
state361:  -0.157737 0.0458213 0.907437 0.121725 -0.092215 -0.316517 0.936214 -0.28399 1.23239 0.579491 0.769591 -0.645145 0.94488 -0.291735 0.0957559 0.26752 0.399774 0.0657518 -0.288931 0.328134 0.153126
state362:  -0.157737 0.0458213 0.907437 0.121725 -0.092215 -0.316517 0.936214 -0.28399 1.23239 0.579491 0.769591 -0.645145 0.94488 -0.291735 0.0957559 0.26752 0.399774 0.0657518 -0.288931 0.328134 0.153126
state363:  -0.150879 0.043829 0.907113 0.116648 -0.0883684 -0.303314 0.941586 -0.271643 1.24706 0.554296 0.804391 -0.617095 0.972059 -0.278104 0.0957977 0.265664 0.379103 0.0584038 -0.288694 0.304616 0.135437
state364:  -0.144021 0.0418368 0.90679 0.111542 -0.0845002 -0.290037 0.94673 -0.259295 1.26174 0.529101 0.839191 -0.589046 0.999238 -0.264478 0.0954401 0.262814 0.358462 0.0503378 -0.287579 0.280934 0.119959
state365:  -0.137163 0.0398446 0.906467 0.106409 -0.0806115 -0.276689 0.951642 -0.246948 1.27642 0.503905 0.873992 -0.560996 1.02642 -0.250869 0.0946838 0.258986 0.337891 0.0416818 -0.285463 0.257338 0.106665
state366:  -0.130305 0.0378524 0.906143 0.101249 -0.0767031 -0.263274 0.956322 -0.234601 1.2911 0.47871 0.908792 -0.532946 1.0536 -0.23729 0.0935294 0.254198 0.317428 0.03258 -0.282238 0.234073 0.095491
state367:  -0.123447 0.0358601 0.90582 0.0960656 -0.0727761 -0.249795 0.960769 -0.222253 1.30578 0.453515 0.943593 -0.504896 1.08078 -0.223752 0.0919782 0.248465 0.297114 0.0231906 -0.277812 0.211381 0.0863328
state368:  -0.116588 0.0338679 0.905497 0.0908584 -0.0688312 -0.236255 0.964982 -0.209906 1.32046 0.428319 0.978393 -0.476846 1.10795 -0.210268 0.0900319 0.241802 0.276988 0.0136831 -0.272109 0.189487 0.0790477
state369:  -0.10973 0.0318757 0.905173 0.085629 -0.0648696 -0.222657 0.96896 -0.197558 1.33514 0.403124 1.01319 -0.448797 1.13513 -0.19685 0.0876927 0.234223 0.257087 0.00423595 -0.265073 0.168599 0.0734564
state370:  -0.102872 0.0298834 0.90485 0.0803788 -0.0608922 -0.209005 0.972701 -0.185211 1.34982 0.377929 1.04799 -0.420747 1.16231 -0.183509 0.0849629 0.225743 0.237452 -0.00496677 -0.256667 0.148899 0.0693458
state371:  -0.096014 0.0278912 0.904527 0.0751089 -0.0569 -0.195302 0.976206 -0.172864 1.3645 0.352734 1.08279 -0.392697 1.18949 -0.170258 0.0818457 0.216375 0.218118 -0.0137382 -0.246875 0.130538 0.0664731
state372:  -0.0891559 0.025899 0.904203 0.0698208 -0.0528939 -0.181552 0.979472 -0.160516 1.37917 0.327538 1.11759 -0.364647 1.21667 -0.157106 0.0783441 0.206133 0.199126 -0.0218916 -0.235702 0.113631 0.0645705
state373:  -0.0822977 0.0239067 0.90388 0.0645156 -0.0488748 -0.167757 0.9825 -0.148169 1.39385 0.302343 1.1524 -0.336597 1.24385 -0.144067 0.074462 0.195029 0.180511 -0.0292432 -0.223171 0.0982551 0.0633508
state374:  -0.0754396 0.0219145 0.903557 0.0591947 -0.0448439 -0.153921 0.985288 -0.135821 1.40853 0.277148 1.1872 -0.308548 1.27103 -0.13115 0.0702034 0.183077 0.162312 -0.0356149 -0.209327 0.0844407 0.0625136
state375:  -0.0685814 0.0199223 0.903233 0.0538594 -0.0408021 -0.140048 0.987836 -0.123474 1.42321 0.251953 1.222 -0.280498 1.29821 -0.118367 0.0655727 0.170291 0.144567 -0.0408359 -0.194233 0.0721743 0.061752
state376:  -0.0617233 0.0179301 0.90291 0.0485109 -0.0367502 -0.126141 0.990144 -0.111127 1.43789 0.226757 1.2568 -0.252448 1.32539 -0.105727 0.0605747 0.156684 0.127311 -0.0447449 -0.177972 0.0613955 0.0607595
state377:  -0.0548652 0.0159378 0.902587 0.0431507 -0.0326895 -0.112203 0.99221 -0.0987792 1.45257 0.201562 1.2916 -0.224398 1.35257 -0.0932417 0.0552144 0.14227 0.110583 -0.0471912 -0.160642 0.0519964 0.0592376
state378:  -0.048007 0.0139456 0.902263 0.0377799 -0.0286208 -0.0982373 0.994034 -0.0864318 1.46725 0.176367 1.3264 -0.196349 1.37975 -0.0809195 0.0494974 0.127066 0.0944177 -0.0480354 -0.142358 0.0438234 0.0569022
state379:  -0.0411489 0.0119534 0.90194 0.0323999 -0.024545 -0.0842479 0.995615 -0.0740844 1.48193 0.151172 1.3612 -0.168299 1.40693 -0.0687703 0.0434293 0.111086 0.0788523 -0.0471505 -0.123248 0.0366793 0.0534912
state380:  -0.0342907 0.00996115 0.901617 0.027012 -0.0204633 -0.070238 0.996954 -0.061737 1.49661 0.125976 1.396 -0.140249 1.4341 -0.0568034 0.037016 0.0943492 0.063922 -0.0444219 -0.103457 0.0303269 0.0487709
state381:  -0.0274326 0.00796892 0.901293 0.0216175 -0.0163767 -0.0562109 0.998051 -0.0493896 1.51128 0.100781 1.4308 -0.112199 1.46128 -0.0450276 0.0302638 0.0768728 0.0496621 -0.0397475 -0.0831364 0.0244935 0.0425417
state382:  -0.0205744 0.00597669 0.90097 0.0162177 -0.012286 -0.0421702 0.998903 -0.0370422 1.52596 0.0755858 1.4656 -0.0841494 1.48846 -0.0334513 0.0231793 0.0586773 0.0361068 -0.033038 -0.0624527 0.018877 0.0346433
state383:  -0.0137163 0.00398446 0.900647 0.010814 -0.00819233 -0.0281192 0.999513 -0.0246948 1.54064 0.0503905 1.5004 -0.0560996 1.51564 -0.0220827 0.0157692 0.0397841 0.0232897 -0.024217 -0.0415796 0.0131518 0.0249591
state384:  -0.00685814 0.00199223 0.900323 0.00540766 -0.00409666 -0.0140613 0.999878 -0.0123474 1.55532 0.0251953 1.5352 -0.0280498 1.54282 -0.0109298 0.00804034 0.0202167 0.0112436 -0.013221 -0.020699 0.00697634 0.0134186
state385:  0 0 0.9 0 0 0 1 0 1.57 0 1.57 0 1.57 -0 0 -0 0 -0 0 -0 0
end
