start_state_:  0 -0.25 0.2 0 0 0 1 0 1.57 0 1.57 0 1.57 -0 0 -0 0 -0 0 -0 0
goal_state_:  0 0 0.9 0 0 0 1 0 1.57 0 1.57 0 1.57 0 0 0 0 0 0 0 0
states: 182
planning_mode: 2
planning_time: 308.049
motion_cost: 4.64204
minimum_var: 0.31279
minimum_var_state_entry: 62
state0:  0 -0.25 0.2 0 0 0 1 0 1.57 0 1.57 0 1.57 -0 0 -0 0 -0 0 -0 0
state1:  -0.00377187 -0.244505 0.206004 -0.00451853 -0.00191201 0.00753577 0.99996 -0.00479856 1.56288 -0.0244927 1.56538 -0.020989 1.50211 0.00906569 0.00375578 0.00862597 -0.00899764 0.0155412 -0.00854164 0.0134835 -0.0146498
state2:  -0.00754375 -0.23901 0.212007 -0.00903669 -0.00382387 0.0150709 0.999838 -0.00959712 1.55576 -0.0489855 1.56077 -0.041978 1.43423 0.0181872 0.00737419 0.017244 -0.0179295 0.0312245 -0.016929 0.0290577 -0.0275206
state3:  -0.0113156 -0.233514 0.218011 -0.0135541 -0.00573542 0.0226049 0.999636 -0.0143957 1.54865 -0.0734782 1.55615 -0.062967 1.36634 0.0273627 0.0108541 0.0258536 -0.0267951 0.0470472 -0.0251584 0.0465409 -0.0383847
state4:  -0.0150875 -0.228019 0.224015 -0.0180704 -0.0076465 0.030137 0.999353 -0.0191942 1.54153 -0.0979709 1.55154 -0.083956 1.29845 0.0365903 0.0141944 0.0344544 -0.0355937 0.0630065 -0.0332262 0.0657264 -0.0470329
state5:  -0.0188594 -0.222524 0.230018 -0.0225853 -0.00955697 0.0376667 0.998989 -0.0239928 1.53441 -0.122464 1.54692 -0.104945 1.23057 0.045868 0.0173941 0.0430458 -0.0443249 0.0790995 -0.0411289 0.0863845 -0.0532778
state6:  -0.0226312 -0.217029 0.236022 -0.0270984 -0.0114667 0.0451933 0.998545 -0.0287914 1.52729 -0.146956 1.54231 -0.125934 1.16268 0.0551939 0.0204521 0.0516272 -0.052988 0.0953231 -0.0488632 0.108264 -0.0569566
state7:  -0.0264031 -0.211534 0.242026 -0.0316092 -0.0133754 0.0527163 0.99802 -0.0335899 1.52017 -0.171449 1.53769 -0.146923 1.09479 0.0645659 0.0233674 0.060198 -0.0615827 0.111674 -0.0564258 0.131097 -0.0579333
state8:  -0.030175 -0.206038 0.248029 -0.0361175 -0.0152831 0.060235 0.997414 -0.0383885 1.51306 -0.195942 1.53308 -0.167912 1.02691 0.0739821 0.0261391 0.0687575 -0.0701085 0.128149 -0.0638137 0.1546 -0.0561014
state9:  -0.0339469 -0.200543 0.254033 -0.0406229 -0.0171896 0.0677488 0.996727 -0.043187 1.50594 -0.220435 1.52846 -0.188901 0.959019 0.0834403 0.0287663 0.0773049 -0.0785649 0.144744 -0.0710239 0.178482 -0.0513853
state10:  -0.0377187 -0.195048 0.260037 -0.045125 -0.0190946 0.0752572 0.99596 -0.0479856 1.49882 -0.244927 1.52385 -0.20989 0.891132 0.0929384 0.0312481 0.0858395 -0.0869515 0.161456 -0.0780536 0.202447 -0.043741
state11:  -0.0414906 -0.189553 0.266041 -0.0496234 -0.0209981 0.0827595 0.995112 -0.0527841 1.4917 -0.26942 1.51923 -0.230879 0.823246 0.102474 0.0335837 0.0943603 -0.095268 0.178282 -0.0849001 0.2262 -0.0331563
state12:  -0.0452625 -0.184058 0.272044 -0.0541179 -0.0229 0.090255 0.994184 -0.0575827 1.48458 -0.293913 1.51462 -0.251868 0.755359 0.112046 0.0357723 0.102866 -0.103514 0.195216 -0.091561 0.249453 -0.0196498
state13:  -0.0490344 -0.178563 0.278048 -0.0586079 -0.0247999 0.0977433 0.993175 -0.0623813 1.47747 -0.318405 1.51 -0.272857 0.687472 0.12165 0.0378133 0.111357 -0.111689 0.212256 -0.0980338 0.271929 -0.00327017
state14:  -0.0528062 -0.173067 0.284052 -0.0630932 -0.0266979 0.105224 0.992086 -0.0671798 1.47035 -0.342898 1.50538 -0.293846 0.619585 0.131286 0.0397058 0.119831 -0.119793 0.229398 -0.104316 0.293363 0.0159069
state15:  -0.0565781 -0.167572 0.290055 -0.0675735 -0.0285937 0.112696 0.990917 -0.0719784 1.46323 -0.367391 1.50077 -0.314835 0.551699 0.140951 0.0414493 0.128287 -0.127826 0.246636 -0.110407 0.313507 0.0377803
state16:  -0.06035 -0.162077 0.296059 -0.0720482 -0.0304872 0.120158 0.989667 -0.0767769 1.45611 -0.391884 1.49615 -0.335824 0.483812 0.150642 0.0430432 0.136724 -0.135787 0.263968 -0.116303 0.332131 0.062227
state17:  -0.0641219 -0.156582 0.302063 -0.0765171 -0.0323782 0.127611 0.988338 -0.0815755 1.44899 -0.416376 1.49154 -0.356813 0.415925 0.160358 0.044487 0.145141 -0.143676 0.281388 -0.122004 0.349019 0.0891042
state18:  -0.0678937 -0.151087 0.308066 -0.0809799 -0.0342666 0.135054 0.986929 -0.0863741 1.44188 -0.440869 1.48692 -0.377802 0.348038 0.170095 0.04578 0.153537 -0.151493 0.298893 -0.127507 0.363973 0.118253
state19:  -0.0716656 -0.145591 0.31407 -0.0854361 -0.0361522 0.142486 0.98544 -0.0911726 1.43476 -0.465362 1.48231 -0.398791 0.280152 0.179851 0.046922 0.16191 -0.159238 0.316477 -0.132811 0.376806 0.149499
state20:  -0.0754375 -0.140096 0.320074 -0.0898853 -0.0380349 0.149906 0.983871 -0.0959712 1.42764 -0.489855 1.47769 -0.41978 0.212265 0.189625 0.0479125 0.17026 -0.16691 0.334137 -0.137916 0.387341 0.182657
state21:  -0.0792094 -0.134601 0.326077 -0.0943273 -0.0399146 0.157314 0.982223 -0.10077 1.42052 -0.514347 1.47308 -0.440769 0.144378 0.199414 0.0487512 0.178584 -0.17451 0.351867 -0.142819 0.395408 0.217531
state22:  -0.0829812 -0.129106 0.332081 -0.0987617 -0.041791 0.16471 0.980495 -0.105568 1.4134 -0.53884 1.46846 -0.461758 0.0764913 0.209214 0.0494378 0.186882 -0.182038 0.369664 -0.147521 0.400837 0.253915
state23:  -0.0867531 -0.123611 0.338085 -0.103188 -0.043664 0.172092 0.978688 -0.110367 1.40629 -0.563333 1.46385 -0.482747 0.00860458 0.219025 0.049972 0.195151 -0.189493 0.387523 -0.15202 0.403455 0.291595
state24:  -0.090525 -0.118115 0.344088 -0.107606 -0.0455335 0.17946 0.976802 -0.115165 1.39917 -0.587825 1.45923 -0.503736 -0.0592822 0.228842 0.0503537 0.203391 -0.196875 0.405438 -0.156316 0.403082 0.330346
state25:  -0.0942969 -0.11262 0.350092 -0.112016 -0.0473993 0.186814 0.974837 -0.119964 1.39205 -0.612318 1.45462 -0.524725 -0.127169 0.238665 0.0505827 0.2116 -0.204184 0.423406 -0.160409 0.399526 0.369935
state26:  -0.0980687 -0.107125 0.356096 -0.116416 -0.0492613 0.194152 0.972793 -0.124763 1.38493 -0.636811 1.45 -0.545714 -0.195056 0.24849 0.0506589 0.219776 -0.21142 0.441422 -0.164298 0.392577 0.410116
state27:  -0.101841 -0.10163 0.3621 -0.120807 -0.0511193 0.201475 0.97067 -0.129561 1.37781 -0.661304 1.44538 -0.566703 -0.262942 0.258315 0.0505824 0.227917 -0.218584 0.459482 -0.167983 0.382007 0.45063
state28:  -0.105612 -0.0961347 0.368103 -0.125188 -0.0529732 0.208782 0.968469 -0.13436 1.37069 -0.685796 1.44077 -0.587692 -0.330829 0.268138 0.0503531 0.236023 -0.225675 0.47758 -0.171465 0.367564 0.491203
state29:  -0.109384 -0.0906395 0.374107 -0.129559 -0.0548228 0.216072 0.966189 -0.139158 1.36358 -0.710289 1.43615 -0.608681 -0.398716 0.277956 0.0499712 0.244091 -0.232694 0.495713 -0.174744 0.348971 0.531538
state30:  -0.113156 -0.0851443 0.380111 -0.133919 -0.0566679 0.223344 0.963832 -0.143957 1.35646 -0.734782 1.43154 -0.62967 -0.466603 0.287766 0.0494367 0.252119 -0.239639 0.513875 -0.17782 0.325931 0.57132
state31:  -0.116928 -0.0796491 0.386114 -0.138269 -0.0585085 0.230598 0.961396 -0.148755 1.34934 -0.759275 1.42692 -0.650659 -0.534489 0.297567 0.0487498 0.260106 -0.246512 0.532063 -0.180694 0.298129 0.610201
state32:  -0.1207 -0.0741539 0.392118 -0.142608 -0.0603443 0.237834 0.958883 -0.153554 1.34222 -0.783767 1.42231 -0.671648 -0.602376 0.307355 0.0479109 0.26805 -0.253313 0.550273 -0.183366 0.265242 0.647808
state33:  -0.124472 -0.0686587 0.398122 -0.146934 -0.0621753 0.24505 0.956292 -0.158352 1.3351 -0.80826 1.41769 -0.692637 -0.670263 0.317129 0.0469201 0.27595 -0.260041 0.5685 -0.185838 0.226959 0.683729
state34:  -0.128244 -0.0631635 0.404125 0.15125 0.0640012 -0.252246 -0.953624 -0.163151 1.32799 -0.832753 1.41308 -0.713626 -0.73815 0.326886 0.0457778 0.283802 -0.266698 0.58674 -0.188111 0.183002 0.717522
state35:  -0.128244 -0.0631635 0.404125 0.15125 0.0640012 -0.252246 -0.953624 -0.163151 1.32799 -0.832753 1.41308 -0.713626 -0.73815 0.326886 0.0457778 0.283802 -0.266698 0.58674 -0.188111 0.183002 0.717522
state36:  -0.131567 -0.070551 0.418569 0.16083 0.0685621 -0.262436 -0.948978 -0.138579 1.31137 -0.798045 1.4159 -0.729122 -0.695766 0.34861 0.0457287 0.271051 -0.288937 0.529215 -0.183266 0.139204 0.704797
state37:  -0.13489 -0.0779384 0.433013 0.170372 0.0731068 -0.272564 -0.944107 -0.114007 1.29476 -0.763336 1.41872 -0.744619 -0.653382 0.370328 0.045182 0.258867 -0.311787 0.471041 -0.179001 0.0950141 0.693641
state38:  -0.138213 -0.0853258 0.447457 0.179874 0.077634 -0.282626 -0.939011 -0.0894344 1.27814 -0.728628 1.42153 -0.760116 -0.610997 0.392026 0.0441385 0.247286 -0.335237 0.412238 -0.175316 0.0504132 0.684046
state39:  -0.141536 -0.0927133 0.461901 0.189333 0.0821427 -0.292621 -0.933691 -0.0648622 1.26153 -0.69392 1.42435 -0.775612 -0.568613 0.413694 0.0425991 0.236348 -0.359272 0.352827 -0.172211 0.00538726 0.675986
state40:  -0.144859 -0.100101 0.476344 0.198746 0.0866319 -0.302547 -0.928149 -0.04029 1.24491 -0.659212 1.42717 -0.791109 -0.526229 0.435319 0.0405655 0.226092 -0.383879 0.292826 -0.169685 -0.0400714 0.669419
state41:  -0.148182 -0.107488 0.490788 0.208113 0.0911005 -0.312401 -0.922386 -0.0157178 1.2283 -0.624504 1.42999 -0.806606 -0.483845 0.45689 0.0380397 0.216562 -0.409042 0.232256 -0.167735 -0.085965 0.664283
state42:  -0.151505 -0.114876 0.505232 0.21743 0.0955474 -0.32218 -0.916403 0.0088544 1.21168 -0.589795 1.43281 -0.822102 -0.441461 0.478396 0.0350241 0.207803 -0.434745 0.171135 -0.166358 -0.132291 0.660496
state43:  -0.154828 -0.122263 0.519676 0.226695 0.0999716 -0.331883 -0.910203 0.0334266 1.19507 -0.555087 1.43563 -0.837599 -0.399077 0.499825 0.0315219 0.199863 -0.460969 0.109485 -0.165548 -0.179042 0.657959
state44:  -0.158151 -0.129651 0.53412 0.235906 0.104372 -0.341506 -0.903786 0.0579988 1.17845 -0.520379 1.43845 -0.853095 -0.356693 0.521167 0.0275365 0.192796 -0.487694 0.0473246 -0.165299 -0.226207 0.656555
state45:  -0.161474 -0.137038 0.548563 0.245061 0.108747 -0.351048 -0.897153 0.082571 1.16184 -0.485671 1.44127 -0.868592 -0.314309 0.542412 0.0230717 0.186659 -0.514901 -0.0153273 -0.165605 -0.273768 0.656149
state46:  -0.164797 -0.144425 0.563007 0.254158 0.113097 -0.360507 -0.890308 0.107143 1.14522 -0.450962 1.44409 -0.884089 -0.271924 0.563549 0.0181319 0.181516 -0.542565 -0.0784515 -0.166458 -0.321702 0.656591
state47:  -0.16812 -0.151813 0.577451 0.263194 0.11742 -0.36988 -0.88325 0.131715 1.12861 -0.416254 1.44691 -0.899585 -0.22954 0.584568 0.0127219 0.177437 -0.570662 -0.142029 -0.167852 -0.369974 0.657715
state48:  -0.171443 -0.1592 0.591895 0.272168 0.121715 -0.379165 -0.875982 0.156288 1.11199 -0.381546 1.44973 -0.915082 -0.187156 0.605461 0.00684665 0.1745 -0.599166 -0.206042 -0.169777 -0.418542 0.659343
state49:  -0.174766 -0.166588 0.606339 0.281076 0.12598 -0.38836 -0.868505 0.18086 1.09537 -0.346838 1.45255 -0.930579 -0.144772 0.626218 0.000511725 0.172793 -0.628048 -0.270473 -0.172226 -0.467349 0.661285
state50:  -0.178089 -0.173975 0.620782 0.289918 0.130216 -0.397462 -0.860822 0.205432 1.07876 -0.31213 1.45537 -0.946075 -0.102388 0.646831 -0.00627709 0.172414 -0.657275 -0.335305 -0.175191 -0.516323 0.663345
state51:  -0.181412 -0.181363 0.635226 0.298691 0.134421 -0.40647 -0.852934 0.230004 1.06214 -0.277421 1.45819 -0.961572 -0.0600038 0.667292 -0.0135137 0.173476 -0.686813 -0.40052 -0.178662 -0.565371 0.665321
state52:  -0.184735 -0.18875 0.64967 0.307393 0.138594 -0.415381 -0.844843 0.254576 1.04553 -0.242713 1.46101 -0.977069 -0.0176197 0.687593 -0.0211916 0.176105 -0.716624 -0.466102 -0.182632 -0.614379 0.667008
state53:  -0.188058 -0.196137 0.664114 0.316022 0.142734 -0.424193 -0.836551 0.279149 1.02891 -0.208005 1.46383 -0.992565 0.0247645 0.707728 -0.0293043 0.180449 -0.746665 -0.532037 -0.187093 -0.663209 0.668207
state54:  -0.191381 -0.203525 0.678558 0.324575 0.14684 -0.432904 -0.82806 0.303721 1.0123 -0.173297 1.46665 -1.00806 0.0671486 0.72769 -0.0378447 0.186676 -0.776888 -0.59831 -0.192038 -0.711698 0.668723
state55:  -0.194704 -0.210912 0.693001 0.333051 0.150911 -0.441512 -0.819372 0.328293 0.995684 -0.138589 1.46947 -1.02356 0.109533 0.747474 -0.0468057 0.194977 -0.807238 -0.664905 -0.19746 -0.759655 0.668372
state56:  -0.198027 -0.2183 0.707445 0.341448 0.154946 -0.450015 -0.810489 0.352865 0.979069 -0.10388 1.47229 -1.03906 0.151917 0.767072 -0.05618 0.205578 -0.837654 -0.73181 -0.203352 -0.806867 0.666984
state57:  -0.20135 -0.225687 0.721889 0.349764 0.158944 -0.458411 -0.801412 0.377437 0.962454 -0.0691722 1.4751 -1.05455 0.194301 0.786482 -0.0659601 0.218739 -0.868066 -0.799012 -0.209707 -0.853095 0.66441
state58:  -0.204673 -0.233075 0.736333 0.357997 0.162904 -0.466697 -0.792145 0.40201 0.945839 -0.0344639 1.47792 -1.07005 0.236685 0.805698 -0.0761383 0.234759 -0.898393 -0.866499 -0.216521 -0.898087 0.660522
state59:  -0.207996 -0.240462 0.750777 0.366144 0.166826 -0.474873 -0.78269 0.426582 0.929223 0.000244262 1.48074 -1.08554 0.279069 0.824715 -0.0867069 0.253989 -0.92854 -0.934261 -0.223788 -0.941574 0.655215
state60:  -0.211319 -0.24785 0.76522 0.374204 0.170707 -0.482936 -0.773048 0.451154 0.912608 0.0349525 1.48356 -1.10104 0.321453 0.843532 -0.0976579 0.276835 -0.958396 -1.00229 -0.231504 -0.983287 0.648415
state61:  -0.214642 -0.255237 0.779664 0.382175 0.174549 -0.490883 -0.763223 0.475726 0.895993 0.0696607 1.48638 -1.11654 0.363837 0.862144 -0.108983 0.303763 -0.98783 -1.07057 -0.239664 -1.02295 0.640073
state62:  -0.217965 -0.262624 0.794108 -0.390055 -0.178348 0.498714 0.753215 0.500298 0.879378 0.104369 1.4892 -1.13203 0.406222 0.880548 -0.120675 0.335311 -1.01669 -1.1391 -0.248265 -1.06032 0.63017
state63:  -0.217965 -0.262624 0.794108 -0.390055 -0.178348 0.498714 0.753215 0.500298 0.879378 0.104369 1.4892 -1.13203 0.406222 0.880548 -0.120675 0.335311 -1.01669 -1.1391 -0.248265 -1.06032 0.63017
state64:  -0.202139 -0.280911 0.812748 -0.39018 -0.182097 0.497042 0.753359 0.502447 0.895143 0.107084 1.4637 -1.07791 0.376997 0.884994 -0.113748 0.323986 -1.01921 -1.14011 -0.265164 -1.04734 0.567523
state65:  -0.186313 -0.299198 0.831387 -0.390298 -0.185842 0.495362 0.75349 0.504596 0.910909 0.1098 1.43819 -1.02378 0.347772 0.889436 -0.10682 0.312552 -1.02166 -1.14101 -0.282107 -1.03655 0.503829
state66:  -0.170486 -0.317485 0.850027 -0.390409 -0.189585 0.493673 0.753608 0.506745 0.926674 0.112515 1.41268 -0.969659 0.318547 0.893872 -0.0998898 0.301009 -1.02403 -1.14179 -0.299093 -1.0276 0.439204
state67:  -0.15466 -0.335771 0.868667 -0.390514 -0.193324 0.491976 0.753714 0.508893 0.94244 0.11523 1.38718 -0.915534 0.289323 0.898303 -0.0929591 0.289361 -1.02633 -1.14245 -0.316121 -1.02022 0.373751
state68:  -0.138834 -0.354058 0.887306 -0.390613 -0.19706 0.49027 0.753806 0.511042 0.958205 0.117946 1.36167 -0.861409 0.260098 0.90273 -0.0860275 0.277607 -1.02855 -1.14299 -0.333189 -1.01417 0.307559
state69:  -0.123008 -0.372345 0.905946 -0.390704 -0.200793 0.488557 0.753886 0.513191 0.97397 0.120661 1.33617 -0.807283 0.230873 0.907153 -0.0790952 0.265751 -1.0307 -1.1434 -0.350297 -1.00928 0.24071
state70:  -0.107182 -0.390632 0.924586 -0.390789 -0.204522 0.486835 0.753954 0.515339 0.989736 0.123376 1.31066 -0.753158 0.201649 0.911573 -0.0721623 0.253795 -1.03276 -1.14369 -0.367443 -1.00541 0.173278
state71:  -0.0913557 -0.408918 0.943225 -0.390868 -0.208248 0.485105 0.754008 0.517488 1.0055 0.126092 1.28516 -0.699033 0.172424 0.91599 -0.065229 0.24174 -1.03475 -1.14385 -0.384625 -1.00245 0.105331
state72:  -0.0755295 -0.427205 0.961865 -0.39094 -0.21197 0.483366 0.75405 0.519637 1.02127 0.128807 1.25965 -0.644908 0.143199 0.920405 -0.0582954 0.22959 -1.03665 -1.14388 -0.401843 -1.00033 0.036933
state73:  -0.0597034 -0.445492 0.980504 -0.391005 -0.215689 0.48162 0.754079 0.521786 1.03703 0.131522 1.23414 -0.590782 0.113974 0.924818 -0.0513616 0.217347 -1.03847 -1.14377 -0.419095 -0.999005 -0.0318553
state74:  -0.0438772 -0.463779 0.999144 -0.391064 -0.219404 0.479865 0.754096 0.523934 1.0528 0.134238 1.20864 -0.536657 0.0847497 0.929228 -0.0444277 0.205014 -1.04021 -1.14353 -0.436381 -0.998445 -0.100976
state75:  -0.028051 -0.482065 1.01778 -0.391116 -0.223115 0.478102 0.7541 0.526083 1.06856 0.136953 1.18313 -0.482532 0.055525 0.933638 -0.037494 0.192593 -1.04186 -1.14314 -0.453697 -0.998656 -0.170372
state76:  -0.0122249 -0.500352 1.03642 -0.391162 -0.226823 0.476331 0.754091 0.528232 1.08433 0.139668 1.15763 -0.428406 0.0263003 0.938047 -0.0305605 0.180089 -1.04343 -1.14261 -0.471044 -0.999668 -0.239988
state77:  0.00360126 -0.518639 1.05506 -0.391201 -0.230526 0.474552 0.754069 0.53038 1.10009 0.142384 1.13212 -0.374281 -0.00292441 0.942456 -0.0236273 0.167505 -1.04491 -1.14193 -0.48842 -1.00154 -0.309768
state78:  0.0194274 -0.536926 1.0737 -0.391233 -0.234226 0.472765 0.754034 0.532529 1.11586 0.145099 1.10662 -0.320156 -0.0321491 0.946864 -0.0166947 0.154843 -1.0463 -1.1411 -0.505823 -1.00438 -0.379654
state79:  0.0352536 -0.555212 1.09234 -0.391259 -0.237922 0.470971 0.753987 0.534678 1.13162 0.147814 1.08111 -0.266031 -0.0613738 0.951273 -0.00976264 0.142108 -1.04761 -1.1401 -0.523251 -1.00832 -0.449585
state80:  0.0510797 -0.573499 1.11098 -0.391278 -0.241614 0.469168 0.753927 0.536827 1.14739 0.15053 1.0556 -0.211905 -0.0905985 0.955683 -0.0028314 0.129304 -1.04882 -1.13894 -0.540705 -1.01355 -0.519499
state81:  0.0669059 -0.591786 1.12962 -0.391291 -0.245302 0.467357 0.753854 0.538975 1.16316 0.153245 1.0301 -0.15778 -0.119823 0.960095 0.00409894 0.116434 -1.04995 -1.13761 -0.558181 -1.02033 -0.589323
state82:  0.082732 -0.610073 1.14826 -0.391296 -0.248985 0.465538 0.753769 0.541124 1.17892 0.15596 1.00459 -0.103655 -0.149048 0.964508 0.0110282 0.103503 -1.05098 -1.13611 -0.575678 -1.02902 -0.65898
state83:  0.0985582 -0.628359 1.1669 -0.391296 -0.252665 0.463712 0.753671 0.543273 1.19469 0.158676 0.979086 -0.0495296 -0.178273 0.968923 0.0179564 0.0905153 -1.05192 -1.13441 -0.593194 -1.04011 -0.728375
state84:  0.114384 -0.646646 1.18554 -0.391288 -0.25634 0.461877 0.75356 0.545421 1.21045 0.161391 0.95358 0.00459562 -0.207497 0.973341 0.0248832 0.0774748 -1.05277 -1.13253 -0.610729 -1.05424 -0.797399
state85:  0.13021 -0.664933 1.20418 0.391275 0.260011 -0.460035 -0.753436 0.54757 1.22622 0.164106 0.928074 0.0587209 -0.236722 0.977762 0.0318085 0.0643862 -1.05353 -1.13045 -0.62828 -1.07233 -0.865911
state86:  0.13021 -0.664933 1.20418 0.391275 0.260011 -0.460035 -0.753436 0.54757 1.22622 0.164106 0.928074 0.0587209 -0.236722 0.977762 0.0318085 0.0643862 -1.05353 -1.13045 -0.62828 -1.07233 -0.865911
state87:  0.131969 -0.667982 1.20172 0.383023 0.258704 -0.451544 -0.7632 0.550074 1.23103 0.169312 0.920138 0.0650917 -0.211798 0.960123 0.0490028 0.0579277 -1.03012 -1.10671 -0.628638 -1.06178 -0.846182
state88:  0.133727 -0.671032 1.19925 0.37468 0.257337 -0.442945 -0.772782 0.552578 1.23583 0.174517 0.912202 0.0714625 -0.186873 0.942138 0.0658522 0.0511376 -1.00665 -1.08307 -0.628184 -1.05163 -0.826205
state89:  0.135485 -0.674081 1.19679 0.366248 0.255908 -0.434242 -0.782181 0.555083 1.24064 0.179722 0.904266 0.0778333 -0.161948 0.923804 0.0823445 0.0440564 -0.983113 -1.05957 -0.626923 -1.04186 -0.805987
state90:  0.137243 -0.677131 1.19432 0.35773 0.254418 -0.425435 -0.791395 0.557587 1.24545 0.184928 0.89633 0.0842041 -0.137024 0.905118 0.0984672 0.0367179 -0.959517 -1.03627 -0.624866 -1.03243 -0.78554
state91:  0.139001 -0.68018 1.19186 0.349127 0.252868 -0.416528 -0.80042 0.560091 1.25026 0.190133 0.888394 0.0905749 -0.112099 0.886076 0.114208 0.029151 -0.935861 -1.01321 -0.622022 -1.0233 -0.764872
state92:  0.140759 -0.68323 1.1894 0.340441 0.251258 -0.407522 -0.809256 0.562595 1.25507 0.195339 0.880457 0.0969457 -0.0871747 0.866676 0.129553 0.0213799 -0.912149 -0.990442 -0.618407 -1.01444 -0.743992
state93:  0.142517 -0.686279 1.18693 0.331674 0.249589 -0.398419 -0.8179 0.565099 1.25987 0.200544 0.872521 0.103317 -0.0622501 0.846915 0.144489 0.0134254 -0.888384 -0.968006 -0.614034 -1.00582 -0.722908
state94:  0.144275 -0.689329 1.18447 0.322828 0.24786 -0.389221 -0.82635 0.567603 1.26468 0.205749 0.864585 0.109687 -0.0373256 0.826794 0.159004 0.00530522 -0.864566 -0.945943 -0.608919 -0.99741 -0.70163
state95:  0.146033 -0.692378 1.182 0.313906 0.246072 -0.379932 -0.834604 0.570108 1.26949 0.210955 0.856649 0.116058 -0.012401 0.806312 0.173083 -0.00296574 -0.840699 -0.924291 -0.603081 -0.989188 -0.680166
state96:  0.147791 -0.695427 1.17954 0.304909 0.244227 -0.370552 -0.84266 0.572612 1.2743 0.21616 0.848713 0.122429 0.0125236 0.78547 0.186713 -0.0113746 -0.816785 -0.903083 -0.596538 -0.981125 -0.658524
state97:  0.14955 -0.698477 1.17707 0.29584 0.242323 -0.361084 -0.850515 0.575116 1.27911 0.221366 0.840777 0.1288 0.0374482 0.764268 0.19988 -0.0199106 -0.792825 -0.882351 -0.58931 -0.973197 -0.636712
state98:  0.151308 -0.701526 1.17461 0.286701 0.240361 -0.35153 -0.85817 0.57762 1.28392 0.226571 0.83284 0.135171 0.0623727 0.742711 0.212571 -0.0285644 -0.768822 -0.862121 -0.581419 -0.96538 -0.61474
state99:  0.153066 -0.704576 1.17215 0.277494 0.238343 -0.341894 -0.86562 0.580124 1.28872 0.231776 0.824904 0.141541 0.0872973 0.720801 0.22477 -0.0373282 -0.744778 -0.842417 -0.572886 -0.957651 -0.592614
state100:  0.154824 -0.707625 1.16968 0.268221 0.236268 -0.332176 -0.872866 0.582628 1.29353 0.236982 0.816968 0.147912 0.112222 0.698544 0.236465 -0.0461957 -0.720696 -0.823258 -0.563732 -0.949989 -0.570343
state101:  0.156582 -0.710675 1.16722 0.258885 0.234137 -0.322379 -0.879904 0.585133 1.29834 0.242187 0.809032 0.154283 0.137146 0.675945 0.247642 -0.0551613 -0.696576 -0.804663 -0.553981 -0.942373 -0.547936
state102:  0.15834 -0.713724 1.16475 0.249486 0.231951 -0.312506 -0.886733 0.587637 1.30315 0.247393 0.801096 0.160654 0.162071 0.653012 0.258287 -0.0642208 -0.672422 -0.786644 -0.543656 -0.934783 -0.525401
state103:  0.160098 -0.716774 1.16229 0.240029 0.229709 -0.302558 -0.893352 0.590141 1.30796 0.252598 0.79316 0.167025 0.186996 0.629755 0.268387 -0.0733706 -0.648236 -0.769212 -0.532778 -0.927199 -0.502747
state104:  0.161856 -0.719823 1.15983 0.230515 0.227413 -0.292539 -0.899759 0.592645 1.31277 0.257803 0.785223 0.173395 0.21192 0.606182 0.277929 -0.0826081 -0.62402 -0.752375 -0.521371 -0.919603 -0.479981
state105:  0.163614 -0.722873 1.15736 0.220946 0.225063 -0.28245 -0.905953 0.595149 1.31757 0.263009 0.777287 0.179766 0.236845 0.582306 0.2869 -0.0919314 -0.599776 -0.736137 -0.509458 -0.911975 -0.457114
state106:  0.165372 -0.725922 1.1549 0.211325 0.22266 -0.272295 -0.911932 0.597654 1.32238 0.268214 0.769351 0.186137 0.261769 0.558139 0.295288 -0.101339 -0.575507 -0.720502 -0.49706 -0.904299 -0.434153
state107:  0.16713 -0.728972 1.15243 0.201654 0.220204 -0.262075 -0.917694 0.600158 1.32719 0.27342 0.761415 0.192508 0.286694 0.533697 0.303081 -0.110831 -0.551215 -0.70547 -0.4842 -0.896556 -0.411108
state108:  0.168889 -0.732021 1.14997 0.191934 0.217695 -0.251792 -0.923239 0.602662 1.332 0.278625 0.753479 0.198879 0.311618 0.508993 0.310268 -0.120406 -0.526902 -0.691039 -0.4709 -0.888729 -0.387988
state109:  0.170647 -0.73507 1.1475 0.18217 0.215135 -0.24145 -0.928565 0.605166 1.33681 0.28383 0.745543 0.20525 0.336543 0.484047 0.316839 -0.130065 -0.502572 -0.677206 -0.45718 -0.880801 -0.364803
state110:  0.172405 -0.73812 1.14504 0.172362 0.212524 -0.231051 -0.93367 0.60767 1.34161 0.289036 0.737606 0.21162 0.361468 0.458876 0.322782 -0.13981 -0.478227 -0.663967 -0.443062 -0.872756 -0.341562
state111:  0.174163 -0.741169 1.14258 0.162513 0.209863 -0.220597 -0.938554 0.610174 1.34642 0.294241 0.72967 0.217991 0.386392 0.4335 0.32809 -0.149641 -0.45387 -0.651316 -0.428566 -0.864575 -0.318275
state112:  0.175921 -0.744219 1.14011 0.152625 0.207151 -0.21009 -0.943216 0.612679 1.35123 0.299446 0.721734 0.224362 0.411317 0.407941 0.332753 -0.15956 -0.429502 -0.639245 -0.41371 -0.856244 -0.294954
state113:  0.177679 -0.747268 1.13765 0.142702 0.204391 -0.199534 -0.947653 0.615183 1.35604 0.304652 0.713798 0.230733 0.436241 0.382219 0.336765 -0.16957 -0.405128 -0.627747 -0.398515 -0.847745 -0.271607
state114:  0.179437 -0.750318 1.13518 0.132744 0.201582 -0.18893 -0.951866 0.617687 1.36085 0.309857 0.705862 0.237104 0.461166 0.356359 0.340119 -0.179674 -0.38075 -0.616813 -0.382997 -0.839061 -0.248247
state115:  0.181195 -0.753367 1.13272 0.122755 0.198725 -0.178282 -0.955853 0.620191 1.36566 0.315063 0.697926 0.243474 0.48609 0.330384 0.342809 -0.189874 -0.356372 -0.606433 -0.367176 -0.830176 -0.224884
state116:  0.182953 -0.756417 1.13026 0.112737 0.195821 -0.167591 -0.959613 0.622695 1.37046 0.320268 0.68999 0.249845 0.511015 0.304319 0.344831 -0.200174 -0.331996 -0.596599 -0.351068 -0.821074 -0.201531
state117:  0.184711 -0.759466 1.12779 0.102693 0.192871 -0.156861 -0.963146 0.625199 1.37527 0.325473 0.682053 0.256216 0.53594 0.278189 0.346182 -0.210579 -0.307625 -0.587299 -0.334689 -0.811736 -0.1782
state118:  0.18647 -0.762516 1.12533 0.0926234 0.189875 -0.146093 -0.96645 0.627704 1.38008 0.330679 0.674117 0.262587 0.560864 0.252021 0.346859 -0.221093 -0.283264 -0.578525 -0.318055 -0.802148 -0.154902
state119:  0.188228 -0.765565 1.12286 0.0825322 0.186834 -0.135291 -0.969525 0.630208 1.38489 0.335884 0.666181 0.268958 0.585789 0.225839 0.346862 -0.23172 -0.258916 -0.570264 -0.301181 -0.79229 -0.131651
state120:  0.189986 -0.768615 1.1204 0.0724215 0.183748 -0.124456 -0.972369 0.632712 1.3897 0.34109 0.658245 0.275328 0.610713 0.19967 0.34619 -0.242465 -0.234584 -0.562509 -0.284083 -0.782146 -0.108461
state121:  0.191744 -0.771664 1.11793 0.0622936 0.180619 -0.113592 -0.974984 0.635216 1.39451 0.346295 0.650309 0.281699 0.635638 0.173539 0.344844 -0.253336 -0.210273 -0.555247 -0.266774 -0.771699 -0.0853458
state122:  0.193502 -0.774713 1.11547 0.0521509 0.177447 -0.102701 -0.977366 0.63772 1.39931 0.3515 0.642373 0.28807 0.660562 0.147474 0.342826 -0.264337 -0.185987 -0.54847 -0.249267 -0.760931 -0.0623198
state123:  0.19526 -0.777763 1.11301 0.0419958 0.174233 -0.0917859 -0.979517 0.640224 1.40412 0.356706 0.634436 0.294441 0.685487 0.121498 0.340141 -0.275475 -0.161729 -0.542167 -0.231575 -0.749823 -0.0393983
state124:  0.197018 -0.780812 1.11054 0.0318308 0.170978 -0.0808488 -0.981436 0.642729 1.40893 0.361911 0.6265 0.300812 0.710412 0.0956369 0.336792 -0.286757 -0.137504 -0.536329 -0.213712 -0.738358 -0.0165971
state125:  0.198776 -0.783862 1.10808 0.0216582 0.167682 -0.0698925 -0.983122 0.645233 1.41374 0.367117 0.618564 0.307182 0.735336 0.0699144 0.332785 -0.29819 -0.113317 -0.530948 -0.195688 -0.726516 0.00606712
state126:  0.200534 -0.786911 1.10561 0.0114805 0.164347 -0.0589197 -0.984574 0.647737 1.41855 0.372322 0.610628 0.313553 0.760261 0.0443534 0.328126 -0.309784 -0.0891724 -0.526014 -0.177516 -0.71428 0.0285773
state127:  0.202292 -0.789961 1.10315 0.00130005 0.160972 -0.0479328 -0.985793 0.650241 1.42336 0.377527 0.602692 0.319924 0.785185 0.0189762 0.322824 -0.321545 -0.0650756 -0.521519 -0.159206 -0.701631 0.0509155
state128:  0.20405 -0.79301 1.10069 -0.0088807 0.157559 -0.0369346 -0.986779 0.652745 1.42816 0.382733 0.594756 0.326295 0.81011 -0.00619634 0.316885 -0.333483 -0.0410319 -0.517455 -0.14077 -0.688548 0.0730629
state129:  0.205809 -0.79606 1.09822 -0.0190593 0.154109 -0.0259277 -0.98753 0.655249 1.43297 0.387938 0.586819 0.332666 0.835034 -0.0311443 0.310319 -0.345608 -0.0170468 -0.513815 -0.122217 -0.675014 0.0950002
state130:  0.207567 -0.799109 1.09576 -0.0292335 0.150622 -0.0149146 -0.988047 0.657754 1.43778 0.393144 0.578883 0.339037 0.859959 -0.0558493 0.303137 -0.35793 0.00687384 -0.510592 -0.103557 -0.661008 0.116707
state131:  0.209325 -0.802159 1.09329 -0.0394006 0.1471 -0.00389791 -0.988329 0.660258 1.44259 0.398349 0.570947 0.345407 0.884884 -0.080294 0.295348 -0.370459 0.0307238 -0.50778 -0.0848007 -0.646512 0.138162
state132:  0.211083 -0.805208 1.09083 -0.0495585 0.143542 0.00711966 -0.988377 0.662762 1.4474 0.403554 0.563011 0.351778 0.909808 -0.104463 0.286964 -0.383206 0.0544966 -0.505373 -0.0659565 -0.631506 0.159344
state133:  0.212841 -0.808258 1.08836 -0.0597046 0.139951 0.0181355 -0.98819 0.665266 1.4522 0.40876 0.555075 0.358149 0.934733 -0.128341 0.277997 -0.396184 0.0781854 -0.503366 -0.0470337 -0.61597 0.180228
state134:  0.214599 -0.811307 1.0859 -0.0698365 0.136326 0.0291471 -0.987769 0.66777 1.45701 0.413965 0.547139 0.36452 0.959657 -0.151916 0.26846 -0.409406 0.101783 -0.501755 -0.0280411 -0.599886 0.200793
state135:  0.214599 -0.811307 1.0859 -0.0698365 0.136326 0.0291471 -0.987769 0.66777 1.45701 0.413965 0.547139 0.36452 0.959657 -0.151916 0.26846 -0.409406 0.101783 -0.501755 -0.0280411 -0.599886 0.200793
state136:  0.210316 -0.785824 1.07801 -0.0690381 0.134755 0.0145886 -0.988363 0.660801 1.42785 0.453211 0.597775 0.351438 0.931699 -0.146099 0.267539 -0.405515 0.0853782 -0.532768 -0.0467944 -0.62863 0.205799
state137:  0.206033 -0.760342 1.07012 -0.0682248 0.133154 2.70042e-05 -0.988744 0.653832 1.39868 0.492456 0.648412 0.338356 0.903741 -0.140316 0.266449 -0.401227 0.0692704 -0.566835 -0.0622097 -0.657429 0.213476
state138:  0.201749 -0.734859 1.06224 -0.0673968 0.131525 -0.0145346 -0.988912 0.646863 1.36951 0.531701 0.699049 0.325274 0.875783 -0.134572 0.26519 -0.396551 0.0534701 -0.603638 -0.0740787 -0.686308 0.223707
state139:  0.197466 -0.709376 1.05435 -0.0665544 0.129868 -0.0290931 -0.988867 0.639894 1.34034 0.570947 0.749686 0.312193 0.847824 -0.128871 0.263764 -0.391498 0.0379876 -0.642839 -0.0822352 -0.715305 0.236363
state140:  0.193183 -0.683893 1.04646 -0.0656975 0.128182 -0.0436454 -0.988609 0.632924 1.31118 0.610192 0.800322 0.299111 0.819866 -0.123221 0.262172 -0.386081 0.022833 -0.684082 -0.0865586 -0.744478 0.2513
state141:  0.1889 -0.658411 1.03857 -0.0648266 0.126469 -0.0581882 -0.988138 0.625955 1.28201 0.649438 0.850959 0.286029 0.791908 -0.117625 0.260416 -0.380309 0.00801592 -0.727006 -0.0869775 -0.773897 0.268364
state142:  0.184616 -0.632928 1.03068 -0.0639416 0.124729 -0.0727185 -0.987454 0.618986 1.25284 0.688683 0.901596 0.272947 0.76395 -0.11209 0.258497 -0.374195 -0.00645438 -0.771254 -0.0834703 -0.803656 0.287387
state143:  0.180333 -0.607445 1.02279 -0.0630429 0.122962 -0.0872332 -0.986558 0.612017 1.22367 0.727928 0.952233 0.259865 0.735992 -0.10662 0.256417 -0.367748 -0.020569 -0.816484 -0.0760656 -0.833864 0.308195
state144:  0.17605 -0.581963 1.01491 -0.0621306 0.121168 -0.101729 -0.985449 0.605048 1.19451 0.767174 1.00287 0.246783 0.708033 -0.10122 0.254179 -0.360981 -0.0343194 -0.862377 -0.0648401 -0.864649 0.330601
state145:  0.171767 -0.55648 1.00702 -0.061205 0.119348 -0.116203 -0.984127 0.598079 1.16534 0.806419 1.05351 0.233702 0.680075 -0.0958957 0.251784 -0.353905 -0.0476974 -0.908654 -0.0499148 -0.896158 0.354412
state146:  0.167484 -0.530997 0.999129 -0.0602661 0.117503 -0.130652 -0.982594 0.59111 1.13617 0.845665 1.10414 0.22062 0.652117 -0.0906517 0.249235 -0.346533 -0.0606954 -0.955074 -0.0314508 -0.928556 0.379426
state147:  0.1632 -0.505514 0.99124 -0.0593143 0.115632 -0.145073 -0.980849 0.58414 1.107 0.88491 1.15478 0.207538 0.624159 -0.0854926 0.246535 -0.338876 -0.0733062 -1.00145 -0.00964334 -0.962023 0.40543
state148:  0.158917 -0.480032 0.983352 -0.0583497 0.113736 -0.159462 -0.978893 0.577171 1.07783 0.924156 1.20542 0.194456 0.5962 -0.0804231 0.243685 -0.330948 -0.0855229 -1.04764 0.0152839 -0.996755 0.432205
state149:  0.154634 -0.454549 0.975464 -0.0573725 0.111816 -0.173817 -0.976726 0.570202 1.04867 0.963401 1.25605 0.181374 0.568242 -0.0754476 0.240689 -0.32276 -0.0973393 -1.09357 0.0430844 -1.03296 0.459521
state150:  0.150351 -0.429066 0.967575 -0.0563829 0.109872 -0.188135 -0.974348 0.563233 1.0195 1.00265 1.30669 0.168293 0.540284 -0.0705705 0.23755 -0.314326 -0.10875 -1.13919 0.0734948 -1.07086 0.487138
state151:  0.146067 -0.403583 0.959687 -0.0553813 0.107904 -0.202412 -0.971761 0.556264 0.990332 1.04189 1.35733 0.155211 0.512326 -0.065796 0.23427 -0.305661 -0.119748 -1.18452 0.106239 -1.11067 0.514805
state152:  0.141784 -0.378101 0.951799 -0.0543676 0.105913 -0.216646 -0.968964 0.549295 0.961165 1.08114 1.40796 0.142129 0.484368 -0.0611282 0.230853 -0.296776 -0.130331 -1.22964 0.141031 -1.15263 0.542257
state153:  0.137501 -0.352618 0.94391 -0.0533423 0.103899 -0.230833 -0.965959 0.542325 0.931997 1.12038 1.4586 0.129047 0.456409 -0.056571 0.227302 -0.287688 -0.140494 -1.27463 0.177581 -1.19695 0.56922
state154:  0.133218 -0.327135 0.936022 -0.0523055 0.101862 -0.24497 -0.962745 0.535356 0.90283 1.15963 1.50924 0.115965 0.428451 -0.0521283 0.22362 -0.278411 -0.150232 -1.31964 0.215594 -1.24385 0.595406
state155:  0.128935 -0.301653 0.928134 0.0512574 -0.0998039 0.259054 0.959324 0.528387 0.873662 1.19887 1.55987 0.102884 0.400493 -0.0478036 0.219811 -0.26896 -0.159544 -1.36486 0.25477 -1.2935 0.620514
state156:  0.128935 -0.301653 0.928134 0.0512574 -0.0998039 0.259054 0.959324 0.528387 0.873662 1.19887 1.55987 0.102884 0.400493 -0.0478036 0.219811 -0.26896 -0.159544 -1.36486 0.25477 -1.2935 0.620514
state157:  0.123777 -0.289587 0.927008 0.0492601 -0.0959149 0.24896 0.962493 0.507252 0.901516 1.15092 1.56028 0.0987682 0.447273 -0.0481503 0.210718 -0.263702 -0.144539 -1.30129 0.250751 -1.21044 0.647957
state158:  0.11862 -0.27752 0.925883 0.0472563 -0.0920133 0.238833 0.965536 0.486116 0.929369 1.10296 1.56068 0.0946528 0.494054 -0.0483005 0.20162 -0.257762 -0.130084 -1.23829 0.245979 -1.12428 0.67106
state159:  0.113462 -0.265454 0.924758 0.0452463 -0.0880997 0.228674 0.968452 0.464981 0.957223 1.05501 1.56109 0.0905375 0.540834 -0.0482554 0.192521 -0.251167 -0.116203 -1.17588 0.240478 -1.0355 0.689205
state160:  0.108305 -0.253388 0.923632 0.0432304 -0.0841745 0.218486 0.971241 0.443845 0.985076 1.00705 1.56149 0.0864222 0.587614 -0.0480161 0.183425 -0.24394 -0.102925 -1.11409 0.234276 -0.944871 0.701853
state161:  0.103148 -0.241322 0.922507 0.0412089 -0.0802383 0.208269 0.973903 0.42271 1.01293 0.959099 1.5619 0.0823068 0.634394 -0.0475835 0.174335 -0.236108 -0.0902742 -1.05297 0.2274 -0.853437 0.708587
state162:  0.0979902 -0.229256 0.921382 0.0391819 -0.0762915 0.198025 0.976438 0.401574 1.04078 0.911144 1.5623 0.0781915 0.681175 -0.0469589 0.165257 -0.227697 -0.0782756 -0.99254 0.219878 -0.762447 0.709141
state163:  0.0928329 -0.21719 0.920256 0.0371498 -0.0723348 0.187755 0.978844 0.380439 1.06864 0.863189 1.56271 0.0740761 0.727955 -0.0461432 0.156193 -0.218733 -0.0669534 -0.932824 0.211741 -0.673255 0.703422
state164:  0.0876755 -0.205124 0.919131 0.0351128 -0.0683686 0.17746 0.981122 0.359303 1.09649 0.815234 1.56311 0.0699608 0.774735 -0.0451375 0.147149 -0.209246 -0.0563309 -0.873849 0.203021 -0.587193 0.691524
state165:  0.0825181 -0.193058 0.918006 0.0330712 -0.0643934 0.167142 0.983272 0.338168 1.12434 0.767279 1.56352 0.0658455 0.821515 -0.0439429 0.138126 -0.199263 -0.0464306 -0.815638 0.193749 -0.505457 0.673704
state166:  0.0773607 -0.180992 0.91688 0.0310253 -0.0604098 0.156802 0.985292 0.317032 1.1522 0.719324 1.56392 0.0617301 0.868296 -0.0425604 0.129131 -0.188815 -0.0372741 -0.758213 0.183959 -0.429016 0.650361
state167:  0.0722033 -0.168925 0.915755 0.0289754 -0.0564183 0.146441 0.987184 0.295897 1.18005 0.671369 1.56433 0.0576148 0.915076 -0.0409911 0.120166 -0.177932 -0.0288819 -0.701592 0.173686 -0.358569 0.621999
state168:  0.067046 -0.156859 0.91463 0.0269216 -0.0524194 0.136061 0.988946 0.274761 1.2079 0.623414 1.56473 0.0534994 0.961856 -0.039236 0.111235 -0.166648 -0.0212733 -0.645792 0.162964 -0.294547 0.589181
state169:  0.0618886 -0.144793 0.913504 0.0248643 -0.0484136 0.125664 0.990579 0.253626 1.23576 0.575459 1.56514 0.0493841 1.00864 -0.0372962 0.102343 -0.154995 -0.0144667 -0.590828 0.15183 -0.237143 0.552502
state170:  0.0567312 -0.132727 0.912379 0.0228037 -0.0444014 0.11525 0.992082 0.23249 1.26361 0.527504 1.56554 0.0452687 1.05542 -0.0351727 0.0934921 -0.143009 -0.00847893 -0.536715 0.14032 -0.186357 0.512557
state171:  0.0515738 -0.120661 0.911254 0.0207402 -0.0403835 0.104821 0.993454 0.211355 1.29146 0.479549 1.56595 0.0411534 1.1022 -0.0328665 0.0846875 -0.130724 -0.0033257 -0.483463 0.128472 -0.142058 0.469924
state172:  0.0464164 -0.108595 0.910128 0.0186739 -0.0363602 0.0943778 0.994697 0.190219 1.31932 0.431594 1.56635 0.0370381 1.14898 -0.0303788 0.0759326 -0.118178 0.000978839 -0.431084 0.116323 -0.104025 0.42515
state173:  0.0412591 -0.0965288 0.909003 0.0166052 -0.0323322 0.0839226 0.995809 0.169084 1.34717 0.38364 1.56676 0.0329227 1.19576 -0.0277106 0.0672312 -0.105409 0.00442205 -0.379587 0.103913 -0.0719896 0.378749
state174:  0.0361017 -0.0844627 0.907877 0.0145343 -0.0283 0.0734563 0.996791 0.147948 1.37503 0.335685 1.56716 0.0288074 1.24254 -0.024863 0.0585871 -0.0924546 0.00699289 -0.328978 0.0912796 -0.0456672 0.331198
state175:  0.0309443 -0.0723966 0.906752 0.0124615 -0.024264 0.0629804 0.997642 0.126813 1.40288 0.28773 1.56757 0.024692 1.28932 -0.021837 0.0500041 -0.0793554 0.008682 -0.279265 0.0784634 -0.0247744 0.282941
state176:  0.0257869 -0.0603305 0.905627 0.0103871 -0.0202249 0.0524963 0.998362 0.105677 1.43073 0.239775 1.56797 0.0205767 1.3361 -0.0186338 0.0414859 -0.0661513 0.00948173 -0.230453 0.0655041 -0.00904316 0.234391
state177:  0.0206295 -0.0482644 0.904501 0.00831132 -0.0161831 0.0420053 0.998952 0.0845419 1.45859 0.19182 1.56838 0.0164614 1.38288 -0.0152546 0.0330365 -0.0528833 0.00938624 -0.182546 0.0524424 0.0017726 0.185933
state178:  0.0154721 -0.0361983 0.903376 0.00623444 -0.0121392 0.0315088 0.99941 0.0634064 1.48644 0.143865 1.56878 0.012346 1.42966 -0.0117004 0.0246594 -0.0395926 0.00839153 -0.135545 0.0393194 0.00789504 0.13793
state179:  0.0103148 -0.0241322 0.902251 0.00415675 -0.00809366 0.0210082 0.999738 0.042271 1.51429 0.0959099 1.56919 0.00823068 1.47644 -0.0079724 0.0163585 -0.0263207 0.00649545 -0.0894542 0.0261767 0.00952326 0.0907253
state180:  0.00515738 -0.0120661 0.901125 0.00207851 -0.00404709 0.0105048 0.999934 0.0211355 1.54215 0.0479549 1.56959 0.00411534 1.52322 -0.00407187 0.00813741 -0.0131093 0.00369773 -0.0442726 0.013056 0.00683668 0.0446445
state181:  0 0 0.9 0 0 0 1 0 1.57 0 1.57 0 1.57 -0 0 -0 0 -0 0 -0 0
end
