start_state_:  0 -0.25 0.2 0 0 0 1 0 1.57 0 1.57 0 1.57 -0 0 -0 0 -0 0 -0 0
goal_state_:  0 0 0.9 0 0 0 1 0 1.57 0 1.57 0 1.57 0 0 0 0 0 0 0 0
states: 190
planning_mode: 2
planning_time: 1651.03
motion_cost: 6.21764
minimum_var: 0.314468
minimum_var_state_entry: 103
state0:  0 -0.25 0.2 0 0 0 1 0 1.57 0 1.57 0 1.57 -0 0 -0 0 -0 0 -0 0
state1:  -0.00343668 -0.241518 0.211313 -0.00549799 0.00336325 -0.0136593 0.999886 0.00426549 1.5637 0.0257808 1.54709 -0.0582469 1.53629 0.0110871 -0.00657558 -0.0107625 -0.0111635 -0.0371895 0.00988341 0.066816 0.0395145
state2:  -0.00687336 -0.233035 0.222626 -0.0109947 0.00672573 -0.0273156 0.999544 0.00853099 1.5574 0.0515616 1.52419 -0.116494 1.50258 0.0223506 -0.012845 -0.021078 -0.022633 -0.0750986 0.0175958 0.128745 0.0840314
state3:  -0.01031 -0.224553 0.23394 -0.016489 0.0100867 -0.0409656 0.998974 0.0127965 1.5511 0.0773424 1.50128 -0.174741 1.46887 0.0337829 -0.0188028 -0.0309389 -0.0343927 -0.113619 0.0231004 0.185579 0.133034
state4:  -0.0137467 -0.21607 0.245253 -0.0219794 0.0134453 -0.0546062 0.998175 0.017062 1.54481 0.103123 1.47837 -0.232987 1.43516 0.0453762 -0.0244436 -0.040338 -0.0464263 -0.152636 0.0263715 0.237162 0.185983
state5:  -0.0171834 -0.207588 0.256566 -0.0274649 0.0168009 -0.0682344 0.99715 0.0213275 1.53851 0.128904 1.45546 -0.291234 1.40145 0.0571223 -0.0297623 -0.0492687 -0.0587175 -0.192036 0.0273943 0.283373 0.242331
state6:  -0.0206201 -0.199105 0.267879 -0.0329441 0.0201526 -0.0818471 0.995896 0.025593 1.53221 0.154685 1.43256 -0.349481 1.36773 0.069013 -0.0347541 -0.0577245 -0.0712499 -0.231703 0.026166 0.324094 0.301531
state7:  -0.0240568 -0.190623 0.279192 -0.0384157 0.0234998 -0.095441 0.994416 0.0298584 1.52591 0.180466 1.40965 -0.407728 1.33402 0.0810397 -0.0394144 -0.0656993 -0.0840069 -0.271522 0.0226953 0.359186 0.363038
state8:  -0.0274935 -0.18214 0.290505 -0.0438787 0.0268416 -0.109013 0.992709 0.0341239 1.51961 0.206246 1.38674 -0.465975 1.30031 0.0931934 -0.043739 -0.073187 -0.0969717 -0.311385 0.0170025 0.38846 0.426311
state9:  -0.0309301 -0.173658 0.301819 -0.0493316 0.0301772 -0.122561 0.990775 0.0383894 1.51331 0.232027 1.36384 -0.524222 1.2666 0.105465 -0.0477236 -0.0801821 -0.110128 -0.351187 0.00911901 0.411649 0.490806
state10:  -0.0343668 -0.165175 0.313132 -0.0547732 0.033506 -0.13608 0.988615 0.0426549 1.50702 0.257808 1.34093 -0.582469 1.23289 0.117846 -0.0513646 -0.0866789 -0.123458 -0.390833 -0.000913097 0.42838 0.555975
state11:  -0.0378035 -0.156693 0.324445 -0.0602023 0.0368271 -0.149568 0.98623 0.0469204 1.50072 0.283589 1.31802 -0.640716 1.19918 0.130326 -0.0546585 -0.092672 -0.136945 -0.430236 -0.013042 0.438139 0.621249
state12:  -0.0412402 -0.14821 0.335758 -0.0656178 0.0401399 -0.163022 0.983619 0.0511859 1.49442 0.30937 1.29512 -0.698962 1.16547 0.142895 -0.0576022 -0.0981561 -0.150572 -0.469321 -0.0272072 0.440238 0.686026
state13:  -0.0446769 -0.139728 0.347071 -0.0710182 0.0434435 -0.176439 0.980784 0.0554514 1.48812 0.335151 1.27221 -0.757209 1.13176 0.155544 -0.0601929 -0.103126 -0.164321 -0.508026 -0.0433402 0.433784 0.749653
state14:  -0.0481135 -0.131245 0.358384 -0.0764025 0.0467371 -0.189816 0.977726 0.0597169 1.48182 0.360931 1.2493 -0.815456 1.09805 0.168263 -0.0624279 -0.107577 -0.178176 -0.546299 -0.0613658 0.417647 0.811401
state15:  -0.0515502 -0.122763 0.369698 -0.0817693 0.0500201 -0.20315 0.974444 0.0639824 1.47552 0.386712 1.22639 -0.873703 1.06434 0.181042 -0.0643052 -0.111503 -0.192118 -0.584104 -0.0812034 0.390464 0.870441
state16:  -0.0549869 -0.11428 0.381011 -0.0871174 0.0532917 -0.216437 0.970941 0.0682479 1.46922 0.412493 1.20349 -0.93195 1.03062 0.19387 -0.0658229 -0.114899 -0.206131 -0.621417 -0.102768 0.350683 0.925811
state17:  -0.0584236 -0.105798 0.392324 -0.0924457 0.0565511 -0.229674 0.967215 0.0725134 1.46293 0.438274 1.18058 -0.990197 0.996913 0.206736 -0.0669795 -0.117762 -0.220195 -0.658226 -0.12597 0.296723 0.976398
state18:  -0.0618603 -0.0973151 0.403637 -0.0977529 0.0597977 -0.24286 0.963269 0.0767789 1.45663 0.464055 1.15767 -1.04844 0.963202 0.219631 -0.0677739 -0.120084 -0.234293 -0.694534 -0.150719 0.227308 1.02093
state19:  -0.0652969 -0.0888326 0.41495 -0.103038 0.0630306 -0.25599 0.959104 0.0810444 1.45033 0.489835 1.13477 -1.10669 0.929491 0.232544 -0.0682053 -0.121862 -0.248407 -0.730355 -0.176921 0.142046 1.05805
state20:  -0.0687336 -0.0803501 0.426263 -0.108299 0.0662491 -0.269061 0.954719 0.0853099 1.44403 0.515616 1.11186 -1.16494 0.89578 0.245464 -0.0682733 -0.123091 -0.262519 -0.765717 -0.204484 0.042188 1.08641
state21:  -0.0721703 -0.0718676 0.437577 -0.113536 0.0694525 -0.282071 0.950117 0.0895753 1.43773 0.541397 1.08895 -1.22318 0.862069 0.258381 -0.0679778 -0.123766 -0.27661 -0.800658 -0.23331 -0.068715 1.10495
state22:  -0.075607 -0.0633851 0.44889 -0.118747 0.07264 -0.295017 0.945298 0.0938408 1.43143 0.567178 1.06604 -1.28143 0.828358 0.271284 -0.0673191 -0.123881 -0.29066 -0.835228 -0.263308 -0.184829 1.11314
state23:  -0.0790437 -0.0549026 0.460203 -0.12393 0.075811 -0.307896 0.940263 0.0981063 1.42514 0.592959 1.04314 -1.33968 0.794647 0.284163 -0.0662979 -0.123433 -0.304653 -0.86949 -0.294381 -0.299101 1.11122
state24:  -0.0824804 -0.0464201 0.471516 -0.129086 0.0789647 -0.320704 0.935014 0.102372 1.41884 0.618739 1.02023 -1.39792 0.760936 0.297006 -0.0649151 -0.122417 -0.318567 -0.903516 -0.326436 -0.405017 1.10022
state25:  -0.0824804 -0.0464201 0.471516 -0.129086 0.0789647 -0.320704 0.935014 0.102372 1.41884 0.618739 1.02023 -1.39792 0.760936 0.297006 -0.0649151 -0.122417 -0.318567 -0.903516 -0.326436 -0.405017 1.10022
state26:  -0.0834785 -0.0433597 0.482092 -0.132247 0.0884451 -0.314914 0.935691 0.0788553 1.4158 0.589075 1.01595 -1.3337 0.774704 0.309119 -0.0823148 -0.11447 -0.329693 -0.881228 -0.331089 -0.347693 1.06283
state27:  -0.0844767 -0.0402992 0.492667 -0.13539 0.0979136 -0.309082 0.936243 0.0553387 1.41277 0.55941 1.01166 -1.26947 0.788471 0.321102 -0.0998144 -0.106727 -0.340549 -0.858668 -0.335115 -0.302539 1.02294
state28:  -0.0854749 -0.0372388 0.503243 -0.138515 0.107369 -0.303209 0.93667 0.0318222 1.40973 0.529745 1.00738 -1.20525 0.802239 0.332964 -0.11741 -0.0991926 -0.35113 -0.835854 -0.3385 -0.267709 0.981193
state29:  -0.0864731 -0.0341783 0.513818 -0.141621 0.11681 -0.297296 0.936971 0.00830561 1.4067 0.50008 1.00309 -1.14102 0.816006 0.344709 -0.135099 -0.0918725 -0.361431 -0.812801 -0.341231 -0.241574 0.938109
state30:  -0.0874712 -0.0311179 0.524394 -0.144708 0.126235 -0.291342 0.937147 -0.0152109 1.40367 0.470415 0.998809 -1.07679 0.829774 0.356344 -0.152878 -0.0847715 -0.371446 -0.789527 -0.343295 -0.222759 0.894088
state31:  -0.0884694 -0.0280574 0.53497 -0.147776 0.135644 -0.285349 0.937197 -0.0387275 1.40063 0.44075 0.994524 -1.01257 0.843542 0.367874 -0.170743 -0.077894 -0.381172 -0.766048 -0.344681 -0.210129 0.849449
state32:  -0.0894676 -0.024997 0.545545 -0.150825 0.145034 -0.279319 0.937122 -0.0622441 1.3976 0.411085 0.99024 -0.948342 0.857309 0.379306 -0.188691 -0.0712443 -0.390601 -0.742383 -0.345379 -0.202767 0.80445
state33:  -0.0904658 -0.0219365 0.556121 -0.153853 0.154405 -0.273251 0.936922 -0.0857606 1.39456 0.38142 0.985956 -0.884116 0.871077 0.390646 -0.20672 -0.0648261 -0.399729 -0.718549 -0.34538 -0.199929 0.759298
state34:  -0.0914639 -0.018876 0.566697 -0.15686 0.163756 -0.267146 0.936596 -0.109277 1.39153 0.351756 0.981671 -0.81989 0.884844 0.4019 -0.224826 -0.058643 -0.408551 -0.694564 -0.344675 -0.201017 0.714166
state35:  -0.0924621 -0.0158156 0.577272 -0.159847 0.173084 -0.261005 0.936145 -0.132794 1.38849 0.322091 0.977387 -0.755664 0.898612 0.413073 -0.243006 -0.0526977 -0.417061 -0.670445 -0.343256 -0.205545 0.669198
state36:  -0.0934603 -0.0127551 0.587848 -0.162812 0.182389 -0.25483 0.935568 -0.15631 1.38546 0.292426 0.973103 -0.691438 0.91238 0.424172 -0.261258 -0.0469929 -0.425253 -0.646208 -0.341118 -0.213122 0.624515
state37:  -0.0944585 -0.00969467 0.598423 -0.165755 0.19167 -0.248621 0.934867 -0.179827 1.38242 0.262761 0.968818 -0.627212 0.926147 0.435203 -0.279579 -0.0415304 -0.433121 -0.621872 -0.338255 -0.22343 0.580221
state38:  -0.0954566 -0.00663422 0.608999 -0.168676 0.200925 -0.242378 0.93404 -0.203343 1.37939 0.233096 0.964534 -0.562986 0.939915 0.446172 -0.297967 -0.0363117 -0.440661 -0.597452 -0.334663 -0.236207 0.53641
state39:  -0.0964548 -0.00357376 0.619575 -0.171575 0.210153 -0.236103 0.933088 -0.22686 1.37635 0.203431 0.96025 -0.49876 0.953682 0.457085 -0.316418 -0.0313377 -0.447865 -0.572964 -0.330338 -0.25124 0.493161
state40:  -0.097453 -0.000513307 0.63015 -0.174451 0.219353 -0.229796 0.932011 -0.250376 1.37332 0.173766 0.955965 -0.434534 0.96745 0.467949 -0.334931 -0.0266086 -0.454729 -0.548423 -0.325278 -0.268352 0.450547
state41:  -0.0984512 0.00254715 0.640726 -0.177303 0.228524 -0.223458 0.93081 -0.273893 1.37029 0.144102 0.951681 -0.370308 0.981217 0.47877 -0.353502 -0.0221243 -0.461246 -0.523842 -0.319482 -0.287396 0.408631
state42:  -0.0994493 0.0056076 0.651301 -0.180131 0.237664 -0.217091 0.929484 -0.29741 1.36725 0.114437 0.947397 -0.306082 0.994985 0.489555 -0.37213 -0.0178836 -0.467411 -0.499235 -0.31295 -0.30825 0.367474
state43:  -0.100448 0.00866806 0.661877 -0.182936 0.246773 -0.210694 0.928033 -0.320926 1.36422 0.0847718 0.943113 -0.241855 1.00875 0.50031 -0.390812 -0.0138851 -0.473218 -0.474614 -0.305681 -0.330808 0.327127
state44:  -0.101446 0.0117285 0.672453 -0.185716 0.255848 -0.20427 0.926459 -0.344443 1.36118 0.055107 0.938828 -0.177629 1.02252 0.511042 -0.409546 -0.0101264 -0.478662 -0.449989 -0.297678 -0.354981 0.28764
state45:  -0.102444 0.014789 0.683028 -0.188471 0.264889 -0.197817 0.92476 -0.367959 1.35815 0.0254421 0.934544 -0.113403 1.03629 0.521759 -0.42833 -0.00660465 -0.483736 -0.42537 -0.288942 -0.380693 0.249058
state46:  -0.103442 0.0178494 0.693604 -0.191201 0.273895 -0.191339 0.922937 -0.391476 1.35511 -0.00422276 0.93026 -0.0491772 1.05006 0.532467 -0.447161 -0.00331621 -0.488436 -0.400765 -0.279478 -0.407872 0.211421
state47:  -0.10444 0.0209099 0.70418 -0.193905 0.282864 -0.184835 0.920991 -0.414992 1.35208 -0.0338876 0.925975 0.0150488 1.06382 0.543173 -0.466037 -0.000256749 -0.492755 -0.376181 -0.269289 -0.436458 0.174765
state48:  -0.105438 0.0239703 0.714755 -0.196583 0.291795 -0.178306 0.918922 -0.438509 1.34904 -0.0635525 0.921691 0.0792749 1.07759 0.553887 -0.484956 0.00257872 -0.496688 -0.351622 -0.258381 -0.466392 0.139125
state49:  -0.106437 0.0270308 0.725331 -0.199235 0.300687 -0.171753 0.91673 -0.462025 1.34601 -0.0932174 0.917407 0.143501 1.09136 0.564615 -0.503916 0.00519586 -0.500231 -0.327094 -0.246758 -0.497619 0.10453
state50:  -0.107435 0.0300912 0.735906 -0.201861 0.309539 -0.165177 0.914415 -0.485542 1.34298 -0.122882 0.913122 0.207727 1.10513 0.575366 -0.522915 0.00760104 -0.503378 -0.302597 -0.234429 -0.530086 0.0710062
state51:  -0.108433 0.0331517 0.746482 -0.204459 0.318349 -0.158579 0.911977 -0.509059 1.33994 -0.152547 0.908838 0.271953 1.11889 0.586148 -0.541951 0.00980124 -0.506124 -0.278133 -0.2214 -0.563737 0.0385747
state52:  -0.109431 0.0362122 0.757058 -0.20703 0.327117 -0.15196 0.909418 -0.532575 1.33691 -0.182212 0.904554 0.336179 1.13266 0.596971 -0.561021 0.0118041 -0.508465 -0.2537 -0.20768 -0.598518 0.00725385
state53:  -0.110429 0.0392726 0.767633 -0.209573 0.335841 -0.145321 0.906737 -0.556092 1.33387 -0.211877 0.900269 0.400405 1.14643 0.607845 -0.580124 0.0136178 -0.510396 -0.229296 -0.193278 -0.634373 -0.0229427
state54:  -0.111427 0.0423331 0.778209 -0.212088 0.34452 -0.138662 0.903934 -0.579608 1.33084 -0.241542 0.895985 0.464631 1.1602 0.618779 -0.599258 0.0152512 -0.511914 -0.204917 -0.178203 -0.67124 -0.052006
state55:  -0.112426 0.0453935 0.788784 -0.214575 0.353153 -0.131985 0.901011 -0.603125 1.3278 -0.271207 0.891701 0.528857 1.17396 0.629784 -0.618419 0.0167136 -0.513014 -0.180556 -0.162466 -0.709058 -0.0799318
state56:  -0.113424 0.048454 0.79936 -0.217033 0.361738 -0.12529 0.897967 -0.626641 1.32477 -0.300871 0.887416 0.593083 1.18773 0.640871 -0.637607 0.0180148 -0.513693 -0.156206 -0.146079 -0.747757 -0.106721
state57:  -0.114422 0.0515144 0.809936 -0.219462 0.370276 -0.118578 0.894803 -0.650158 1.32173 -0.330536 0.883132 0.65731 1.2015 0.652052 -0.656819 0.019165 -0.513948 -0.131857 -0.129052 -0.787265 -0.132379
state58:  -0.11542 0.0545749 0.820511 -0.221862 0.378763 -0.11185 0.891519 -0.673674 1.3187 -0.360201 0.878848 0.721536 1.21527 0.663341 -0.676053 0.0201748 -0.513776 -0.107499 -0.1114 -0.827507 -0.156918
state59:  -0.116418 0.0576353 0.831087 -0.224232 0.3872 -0.105107 0.888115 -0.697191 1.31567 -0.389866 0.874563 0.785762 1.22903 0.67475 -0.695306 0.0210552 -0.513174 -0.0831189 -0.0931358 -0.868399 -0.180355
state60:  -0.117416 0.0606958 0.841663 -0.226572 0.395586 -0.0983504 0.884593 -0.720708 1.31263 -0.419531 0.870279 0.849988 1.2428 0.686294 -0.714576 0.0218175 -0.512141 -0.0587013 -0.0742733 -0.909855 -0.202711
state61:  -0.118415 0.0637563 0.852238 -0.228881 0.403918 -0.0915805 0.880952 -0.744224 1.3096 -0.449196 0.865995 0.914214 1.25657 0.697989 -0.733862 0.0224729 -0.510673 -0.0342303 -0.0548279 -0.951784 -0.224016
state62:  -0.119413 0.0668167 0.862814 -0.23116 0.412196 -0.0847983 0.877194 -0.767741 1.30656 -0.478861 0.86171 0.97844 1.27034 0.709852 -0.75316 0.0230332 -0.508771 -0.00968738 -0.0348153 -0.99409 -0.244303
state63:  -0.120411 0.0698772 0.873389 -0.233408 0.420419 -0.0780047 0.873318 -0.791257 1.30353 -0.508525 0.857426 1.04267 1.2841 0.721902 -0.772467 0.0235098 -0.506433 0.0149475 -0.0142526 -1.03667 -0.263609
state64:  -0.121409 0.0729376 0.883965 -0.235625 0.428586 -0.0712007 0.869325 -0.814774 1.30049 -0.53819 0.853142 1.10689 1.29787 0.734158 -0.791783 0.0239145 -0.503658 0.0396966 0.00684277 -1.07943 -0.281978
state65:  -0.122407 0.0759981 0.894541 -0.23781 0.436695 -0.0643872 0.865216 -0.83829 1.29746 -0.567855 0.848857 1.17112 1.31164 0.746642 -0.811102 0.0242587 -0.500447 0.064584 0.028452 -1.12225 -0.299458
state66:  -0.123406 0.0790585 0.905116 -0.239964 0.444746 -0.0575651 0.860991 -0.861807 1.29442 -0.59752 0.844573 1.23534 1.32541 0.759377 -0.830423 0.024554 -0.496799 0.0896361 0.0505556 -1.16502 -0.3161
state67:  -0.124404 0.082119 0.915692 -0.242085 0.452737 -0.0507352 0.85665 -0.885323 1.29139 -0.627185 0.840289 1.29957 1.33917 0.772391 -0.849742 0.0248117 -0.492715 0.114881 0.0731328 -1.20764 -0.331958
state68:  -0.125402 0.0851794 0.926267 -0.244174 0.460668 -0.0438986 0.852195 -0.90884 1.28836 -0.65685 0.836004 1.3638 1.35294 0.78571 -0.869057 0.0250426 -0.488197 0.140351 0.0961617 -1.24999 -0.347089
state69:  -0.1264 0.0882399 0.936843 -0.24623 0.468537 -0.0370561 0.847626 -0.932357 1.28532 -0.686515 0.83172 1.42802 1.36671 0.799368 -0.888362 0.0252577 -0.483244 0.166078 0.119619 -1.29195 -0.361549
state70:  -0.1264 0.0882399 0.936843 -0.24623 0.468537 -0.0370561 0.847626 -0.932357 1.28532 -0.686515 0.83172 1.42802 1.36671 0.799368 -0.888362 0.0252577 -0.483244 0.166078 0.119619 -1.29195 -0.361549
state71:  -0.142278 0.0893041 0.947592 -0.254539 0.468499 -0.0406359 0.845025 -0.938162 1.25838 -0.660997 0.842401 1.36227 1.36436 0.826303 -0.880568 0.0469047 -0.499269 0.148091 0.0761504 -1.27022 -0.345355
state72:  -0.158155 0.0903684 0.958342 -0.262825 0.46842 -0.044212 0.842348 -0.943967 1.23144 -0.63548 0.853082 1.29652 1.36202 0.852744 -0.872449 0.0696623 -0.514494 0.130263 0.0329091 -1.24816 -0.328769
state73:  -0.174033 0.0914326 0.969091 -0.271088 0.4683 -0.0477843 0.839597 -0.949773 1.20449 -0.609963 0.863763 1.23077 1.35967 0.878688 -0.864019 0.0935094 -0.528877 0.112548 -0.0100815 -1.2258 -0.311845
state74:  -0.18991 0.0924968 0.97984 -0.279327 0.468137 -0.0513523 0.836772 -0.955578 1.17755 -0.584446 0.874444 1.16502 1.35733 0.904137 -0.855288 0.118418 -0.542375 0.0949056 -0.0527992 -1.20316 -0.294642
state75:  -0.205787 0.0935611 0.990589 -0.287541 0.467934 -0.0549158 0.833872 -0.961384 1.15061 -0.558928 0.885124 1.09926 1.35498 0.929091 -0.846269 0.144355 -0.554945 0.0772996 -0.0952229 -1.18027 -0.277217
state76:  -0.221665 0.0946253 1.00134 -0.29573 0.467689 -0.0584744 0.830898 -0.967189 1.12366 -0.533411 0.895805 1.03351 1.35264 0.953556 -0.836971 0.171278 -0.566547 0.0596981 -0.137332 -1.15716 -0.25963
state77:  -0.237542 0.0956895 1.01209 -0.303892 0.467402 -0.0620278 0.827851 -0.972995 1.09672 -0.507894 0.906486 0.96776 1.35029 0.977536 -0.827407 0.199139 -0.577142 0.0420722 -0.179108 -1.13385 -0.241942
state78:  -0.25342 0.0967537 1.02284 -0.312028 0.467074 -0.0655758 0.82473 -0.9788 1.06978 -0.482376 0.917167 0.902009 1.34795 1.00104 -0.817587 0.22788 -0.586696 0.0243964 -0.220532 -1.11036 -0.224213
state79:  -0.269297 0.097818 1.03359 -0.320136 0.466705 -0.0691179 0.821537 -0.984605 1.04283 -0.456859 0.927848 0.836257 1.3456 1.02407 -0.807522 0.257439 -0.595176 0.00664789 -0.261586 -1.08672 -0.206505
state80:  -0.285175 0.0988822 1.04434 -0.328215 0.466294 -0.0726539 0.81827 -0.990411 1.01589 -0.431342 0.938529 0.770505 1.34326 1.04664 -0.797221 0.287745 -0.602551 -0.0111936 -0.302252 -1.06293 -0.188879
state81:  -0.301052 0.0999464 1.05508 -0.336265 0.465842 -0.0761834 0.814931 -0.996216 0.988948 -0.405825 0.94921 0.704753 1.34091 1.06875 -0.786694 0.318718 -0.608798 -0.0291457 -0.342514 -1.03902 -0.171398
state82:  -0.31693 0.101011 1.06583 -0.344286 0.465349 -0.0797062 0.81152 -1.00202 0.962005 -0.380307 0.959891 0.639002 1.33857 1.09042 -0.775952 0.350276 -0.613895 -0.047224 -0.382356 -1.01498 -0.15412
state83:  -0.332807 0.102075 1.07658 -0.352276 0.464814 -0.083222 0.808037 -1.00783 0.935062 -0.35479 0.970572 0.57325 1.33622 1.11166 -0.765004 0.382328 -0.617825 -0.0654419 -0.421761 -0.99083 -0.137107
state84:  -0.348685 0.103139 1.08733 -0.360235 0.464239 -0.0867304 0.804482 -1.01363 0.908119 -0.329273 0.981253 0.507498 1.33388 1.13247 -0.753858 0.414783 -0.620578 -0.0838104 -0.460716 -0.966555 -0.120415
state85:  -0.364562 0.104203 1.09808 -0.368162 0.463622 -0.090231 0.800856 -1.01944 0.881176 -0.303755 0.991934 0.441746 1.33153 1.15288 -0.742523 0.447544 -0.622148 -0.102339 -0.499205 -0.94215 -0.104101
state86:  -0.38044 0.105268 1.10883 -0.376056 0.462964 -0.0937237 0.797159 -1.02524 0.854233 -0.278238 1.00261 0.375995 1.32918 1.17288 -0.731008 0.480514 -0.622534 -0.121034 -0.537213 -0.917601 -0.0882173
state87:  -0.396317 0.106332 1.11958 -0.383917 0.462265 -0.0972081 0.793391 -1.03105 0.82729 -0.252721 1.0133 0.310243 1.32684 1.1925 -0.71932 0.513595 -0.62174 -0.1399 -0.574728 -0.892888 -0.0728145
state88:  -0.412195 0.107396 1.13033 -0.391744 0.461525 -0.100684 0.789553 -1.03685 0.800347 -0.227204 1.02398 0.244491 1.32449 1.21174 -0.707468 0.546693 -0.619776 -0.158941 -0.611735 -0.867985 -0.0579389
state89:  -0.428072 0.10846 1.14108 -0.399537 0.460744 -0.104151 0.785645 -1.04266 0.773404 -0.201686 1.03466 0.178739 1.32215 1.23061 -0.695459 0.579714 -0.616658 -0.178156 -0.648223 -0.842859 -0.0436329
state90:  -0.44395 0.109525 1.15183 -0.407293 0.459922 -0.107608 0.781668 -1.04847 0.746461 -0.176169 1.04534 0.112988 1.3198 1.24913 -0.683301 0.61257 -0.612406 -0.197542 -0.684177 -0.81747 -0.0299339
state91:  -0.459827 0.110589 1.16258 -0.415014 0.45906 -0.111056 0.777621 -1.05427 0.719518 -0.150652 1.05602 0.0472359 1.31746 1.26732 -0.670999 0.645178 -0.607043 -0.217096 -0.719588 -0.791774 -0.0168741
state92:  -0.475705 0.111653 1.17333 -0.422698 0.458156 -0.114495 0.773505 -1.06008 0.692575 -0.125134 1.0667 -0.0185158 1.31511 1.28517 -0.658561 0.677462 -0.600598 -0.236808 -0.754443 -0.765719 -0.00447959
state93:  -0.491582 0.112717 1.18408 -0.430345 0.457213 -0.117923 0.769321 -1.06588 0.665632 -0.0996172 1.07738 -0.0842676 1.31277 1.3027 -0.645993 0.709351 -0.593104 -0.256667 -0.788731 -0.73925 0.00722951
state94:  -0.50746 0.113781 1.19482 -0.437953 0.456228 -0.12134 0.765068 -1.07169 0.638689 -0.0740999 1.08806 -0.150019 1.31042 1.31993 -0.633301 0.740785 -0.584597 -0.276658 -0.822441 -0.712305 0.01824
state95:  -0.523337 0.114846 1.20557 -0.445523 0.455204 -0.124747 0.760748 -1.07749 0.611746 -0.0485826 1.09874 -0.215771 1.30808 1.33686 -0.620492 0.77171 -0.575113 -0.296761 -0.855565 -0.684819 0.0285458
state96:  -0.539215 0.11591 1.21632 -0.453053 0.454139 -0.128143 0.75636 -1.0833 0.584803 -0.0230654 1.10942 -0.281523 1.30573 1.35351 -0.60757 0.802081 -0.564695 -0.316951 -0.888093 -0.656724 0.038148
state97:  -0.555092 0.116974 1.22707 -0.460543 0.453033 -0.131528 0.751905 -1.0891 0.55786 0.00245193 1.1201 -0.347275 1.30339 1.36988 -0.594541 0.831859 -0.553385 -0.337197 -0.920015 -0.627947 0.0470552
state98:  -0.57097 0.118038 1.23782 -0.467992 0.451888 -0.1349 0.747384 -1.09491 0.530917 0.0279692 1.13079 -0.413026 1.30104 1.38599 -0.581411 0.861016 -0.541225 -0.357464 -0.951324 -0.598415 0.0552834
state99:  -0.586847 0.119103 1.24857 -0.475399 0.450703 -0.138261 0.742796 -1.10071 0.503974 0.0534865 1.14147 -0.478778 1.2987 1.40185 -0.568183 0.889529 -0.52826 -0.377705 -0.982011 -0.568054 0.0628561
state100:  -0.602725 0.120167 1.25932 -0.482765 0.449477 -0.14161 0.738143 -1.10652 0.477031 0.0790038 1.15215 -0.54453 1.29635 1.41747 -0.554865 0.917384 -0.514535 -0.397866 -1.01207 -0.536791 0.0698038
state101:  -0.618602 0.121231 1.27007 -0.490088 0.448212 -0.144946 0.733424 -1.11232 0.450088 0.104521 1.16283 -0.610281 1.294 1.43285 -0.541458 0.944571 -0.500095 -0.417883 -1.04149 -0.504552 0.0761637
state102:  -0.63448 0.122295 1.28082 -0.497367 0.446907 -0.148269 0.72864 -1.11813 0.423145 0.130038 1.17351 -0.676033 1.29166 1.44801 -0.52797 0.971089 -0.484984 -0.437676 -1.07028 -0.471266 0.0819792
state103:  -0.650357 0.12336 1.29157 -0.504602 0.445562 -0.151579 0.723792 -1.12394 0.396202 0.155556 1.18419 -0.741785 1.28931 1.46296 -0.514402 0.99694 -0.469248 -0.457151 -1.09841 -0.436865 0.0872991
state104:  -0.650357 0.12336 1.29157 -0.504602 0.445562 -0.151579 0.723792 -1.12394 0.396202 0.155556 1.18419 -0.741785 1.28931 1.46296 -0.514402 0.99694 -0.469248 -0.457151 -1.09841 -0.436865 0.0872991
state105:  -0.655769 0.125984 1.28895 -0.498862 0.439988 -0.156142 0.730183 -1.09393 0.393108 0.124834 1.19499 -0.703546 1.24265 1.43866 -0.508373 0.9986 -0.459639 -0.417583 -1.08565 -0.454517 0.0505268
state106:  -0.661181 0.128608 1.28634 -0.493059 0.434359 -0.160686 0.736482 -1.06393 0.390014 0.0941118 1.2058 -0.665308 1.19598 1.41449 -0.502182 0.999277 -0.450011 -0.379214 -1.07244 -0.469908 0.0120185
state107:  -0.666592 0.131233 1.28372 -0.487194 0.428675 -0.16521 0.742688 -1.03392 0.38692 0.0633899 1.2166 -0.627069 1.14931 1.39046 -0.495833 0.998984 -0.440412 -0.342003 -1.05882 -0.482993 -0.0280946
state108:  -0.672004 0.133857 1.28111 -0.481268 0.422937 -0.169712 0.748801 -1.00392 0.383826 0.032668 1.2274 -0.58883 1.10264 1.36657 -0.489333 0.997739 -0.430887 -0.305905 -1.04483 -0.493723 -0.0696819
state109:  -0.677416 0.136482 1.27849 -0.475281 0.417145 -0.174194 0.754821 -0.973916 0.380731 0.00194608 1.23821 -0.550591 1.05597 1.34281 -0.482684 0.995557 -0.421479 -0.270868 -1.03051 -0.502041 -0.112614
state110:  -0.682828 0.139106 1.27587 -0.469235 0.411302 -0.178653 0.760745 -0.943913 0.377637 -0.0287758 1.24901 -0.512353 1.0093 1.31919 -0.475891 0.992458 -0.412232 -0.23684 -1.01588 -0.507877 -0.15676
state111:  -0.68824 0.141731 1.27326 -0.463129 0.405407 -0.18309 0.766573 -0.913909 0.374543 -0.0594977 1.25982 -0.474114 0.962633 1.2957 -0.46896 0.988463 -0.403188 -0.203765 -1.00099 -0.511144 -0.201989
state112:  -0.693651 0.144355 1.27064 -0.456966 0.39946 -0.187504 0.772306 -0.883905 0.371449 -0.0902196 1.27062 -0.435875 0.915964 1.27235 -0.461895 0.983592 -0.394386 -0.17159 -0.985854 -0.511735 -0.248166
state113:  -0.699063 0.14698 1.26803 -0.450745 0.393464 -0.191894 0.777941 -0.853901 0.368355 -0.120942 1.28142 -0.397637 0.869295 1.24912 -0.454699 0.977867 -0.385865 -0.14026 -0.97051 -0.509515 -0.295149
state114:  -0.704475 0.149604 1.26541 -0.444467 0.387418 -0.196261 0.783478 -0.823897 0.36526 -0.151663 1.29223 -0.359398 0.822626 1.22603 -0.447379 0.971312 -0.377664 -0.109722 -0.954985 -0.504318 -0.34279
state115:  -0.709887 0.152228 1.2628 -0.438134 0.381323 -0.200602 0.788917 -0.793893 0.362166 -0.182385 1.30303 -0.321159 0.775957 1.20307 -0.439938 0.963949 -0.369818 -0.0799255 -0.939305 -0.495941 -0.390931
state116:  -0.715299 0.154853 1.26018 -0.431745 0.375181 -0.204919 0.794257 -0.76389 0.359072 -0.213107 1.31383 -0.28292 0.729289 1.18024 -0.432382 0.955802 -0.362361 -0.0508214 -0.923497 -0.484134 -0.439395
state117:  -0.72071 0.157477 1.25757 -0.425302 0.368991 -0.20921 0.799497 -0.733886 0.355978 -0.243829 1.32464 -0.244682 0.68262 1.15753 -0.424714 0.946897 -0.355326 -0.0223632 -0.907582 -0.468599 -0.48799
state118:  -0.726122 0.160102 1.25495 -0.418806 0.362755 -0.213474 0.804636 -0.703882 0.352884 -0.274551 1.33544 -0.206443 0.635951 1.13494 -0.416939 0.937259 -0.348745 0.00549281 -0.891585 -0.448977 -0.536498
state119:  -0.731534 0.162726 1.25234 -0.412257 0.356474 -0.217711 0.809674 -0.673878 0.349789 -0.305273 1.34624 -0.168204 0.589282 1.11247 -0.409062 0.926912 -0.342647 0.0327877 -0.875526 -0.42484 -0.58467
state120:  -0.736946 0.165351 1.24972 -0.405656 0.350147 -0.221922 0.814611 -0.643874 0.346695 -0.335995 1.35705 -0.129966 0.542613 1.09012 -0.401087 0.915883 -0.337061 0.0595599 -0.859426 -0.395688 -0.632215
state121:  -0.742357 0.167975 1.2471 -0.399004 0.343777 -0.226104 0.819445 -0.61387 0.343601 -0.366717 1.36785 -0.0917269 0.495945 1.06789 -0.393019 0.904198 -0.332013 0.085845 -0.843303 -0.360946 -0.678797
state122:  -0.747769 0.1706 1.24449 -0.392302 0.337363 -0.230258 0.824176 -0.583867 0.340507 -0.397439 1.37865 -0.0534882 0.449276 1.04577 -0.384863 0.891882 -0.327529 0.111676 -0.827174 -0.319961 -0.724018
state123:  -0.753181 0.173224 1.24187 -0.385551 0.330907 -0.234383 0.828804 -0.553863 0.337412 -0.428161 1.38946 -0.0152495 0.402607 1.02376 -0.376621 0.878963 -0.32363 0.137083 -0.811056 -0.272022 -0.767409
state124:  -0.758593 0.175848 1.23926 -0.378751 0.324409 -0.238478 0.833327 -0.523859 0.334318 -0.458883 1.40026 0.0229892 0.355938 1.00186 -0.3683 0.865467 -0.320339 0.162095 -0.794965 -0.216392 -0.808416
state125:  -0.764005 0.178473 1.23664 -0.371904 0.317871 -0.242544 0.837746 -0.493855 0.331224 -0.489604 1.41107 0.0612279 0.30927 0.980056 -0.359903 0.85142 -0.317674 0.186735 -0.778915 -0.152372 -0.846397
state126:  -0.769416 0.181097 1.23403 -0.36501 0.311292 -0.246579 0.842059 -0.463851 0.32813 -0.520326 1.42187 0.0994666 0.262601 0.958357 -0.351435 0.836848 -0.315654 0.211028 -0.762918 -0.0794085 -0.880613
state127:  -0.774828 0.183722 1.23141 -0.35807 0.304675 -0.250583 0.846267 -0.433847 0.325036 -0.551048 1.43267 0.137705 0.215932 0.936755 -0.3429 0.821778 -0.314295 0.234995 -0.746988 0.0027582 -0.910243
state128:  -0.78024 0.186346 1.2288 -0.351085 0.298019 -0.254555 0.850368 -0.403844 0.321941 -0.58177 1.44348 0.175944 0.169263 0.915246 -0.334303 0.806236 -0.31361 0.258653 -0.731135 0.0938994 -0.934418
state129:  -0.785652 0.188971 1.22618 -0.344056 0.291326 -0.258496 0.854362 -0.37384 0.318847 -0.612492 1.45428 0.214183 0.122594 0.893829 -0.325647 0.790246 -0.313611 0.28202 -0.71537 0.193108 -0.952275
state130:  -0.791064 0.191595 1.22357 -0.336984 0.284596 -0.262404 0.858249 -0.343836 0.315753 -0.643214 1.46508 0.252421 0.0759255 0.872499 -0.316936 0.773834 -0.314309 0.305111 -0.699702 0.298682 -0.963046
state131:  -0.796475 0.19422 1.22095 -0.329869 0.27783 -0.266279 0.862028 -0.313832 0.312659 -0.673936 1.47589 0.29066 0.0292568 0.851252 -0.308176 0.757024 -0.315712 0.327939 -0.684141 0.408167 -0.966157
state132:  -0.801887 0.196844 1.21833 0.322713 -0.27103 0.270121 -0.865699 -0.283828 0.309565 -0.704658 1.48669 0.328899 -0.017412 0.830086 -0.299369 0.739839 -0.317827 0.350514 -0.668695 0.51861 -0.96131
state133:  -0.801887 0.196844 1.21833 0.322713 -0.27103 0.270121 -0.865699 -0.283828 0.309565 -0.704658 1.48669 0.328899 -0.017412 0.830086 -0.299369 0.739839 -0.317827 0.350514 -0.668695 0.51861 -0.96131
state134:  -0.795273 0.191295 1.21974 0.314083 -0.270093 0.282958 -0.865064 -0.274695 0.321701 -0.704845 1.48863 0.331844 0.00821905 0.814546 -0.293758 0.724276 -0.321004 0.348549 -0.654243 0.48063 -0.962334
state135:  -0.788659 0.185747 1.22115 0.305376 -0.269091 0.295728 -0.864222 -0.265563 0.333837 -0.705032 1.49058 0.33479 0.0338501 0.798905 -0.288477 0.708269 -0.324318 0.346509 -0.639367 0.442536 -0.961963
state136:  -0.782045 0.180198 1.22255 0.296597 -0.268025 0.308427 -0.863172 -0.25643 0.345973 -0.705218 1.49252 0.337735 0.0594812 0.78317 -0.28353 0.691821 -0.327763 0.344399 -0.624072 0.404561 -0.960193
state137:  -0.775431 0.17465 1.22396 0.287746 -0.266894 0.321051 -0.861914 -0.247297 0.358109 -0.705405 1.49447 0.340681 0.0851123 0.767346 -0.27892 0.674936 -0.331331 0.342225 -0.608366 0.366941 -0.957032
state138:  -0.768817 0.169101 1.22536 0.278826 -0.265699 0.333598 -0.860449 -0.238164 0.370245 -0.705592 1.49641 0.343626 0.110743 0.75144 -0.274649 0.657618 -0.335013 0.339993 -0.592256 0.329901 -0.952498
state139:  -0.762203 0.163553 1.22677 0.269839 -0.26444 0.346065 -0.858777 -0.229031 0.382381 -0.705779 1.49836 0.346572 0.136374 0.735457 -0.270721 0.63987 -0.338799 0.337709 -0.575749 0.293655 -0.946619
state140:  -0.755588 0.158004 1.22817 0.260787 -0.263118 0.358449 -0.856898 -0.219899 0.394517 -0.705966 1.5003 0.349517 0.162006 0.719403 -0.267138 0.621696 -0.34268 0.335379 -0.558851 0.258399 -0.939432
state141:  -0.748974 0.152455 1.22958 0.251672 -0.261732 0.370746 -0.854813 -0.210766 0.406654 -0.706153 1.50225 0.352463 0.187637 0.703285 -0.263903 0.603098 -0.346644 0.33301 -0.541571 0.224305 -0.930981
state142:  -0.74236 0.146907 1.23098 0.242496 -0.260283 0.382955 -0.852522 -0.201633 0.41879 -0.70634 1.50419 0.355408 0.213268 0.68711 -0.261017 0.584081 -0.350682 0.330607 -0.523915 0.191525 -0.921319
state143:  -0.735746 0.141358 1.23239 0.233263 -0.258771 0.395071 -0.850026 -0.1925 0.430926 -0.706527 1.50613 0.358354 0.238899 0.670883 -0.258483 0.564648 -0.354779 0.328178 -0.505891 0.160184 -0.910503
state144:  -0.729132 0.13581 1.23379 0.223973 -0.257198 0.407092 -0.847326 -0.183367 0.443062 -0.706714 1.50808 0.361299 0.26453 0.654611 -0.256302 0.544801 -0.358925 0.325729 -0.487506 0.130382 -0.898597
state145:  -0.722518 0.130261 1.2352 0.214629 -0.255562 0.419015 -0.844422 -0.174235 0.455198 -0.7069 1.51002 0.364245 0.290161 0.638302 -0.254476 0.524544 -0.363105 0.323267 -0.468766 0.102195 -0.885665
state146:  -0.715904 0.124713 1.2366 0.205234 -0.253865 0.430837 -0.841315 -0.165102 0.467334 -0.707087 1.51197 0.36719 0.315792 0.621961 -0.253006 0.50388 -0.367307 0.320797 -0.44968 0.0756762 -0.871778
state147:  -0.70929 0.119164 1.23801 0.195789 -0.252107 0.442556 -0.838005 -0.155969 0.47947 -0.707274 1.51391 0.370136 0.341423 0.605595 -0.251894 0.482813 -0.371515 0.318328 -0.430254 0.0508592 -0.857004
state148:  -0.702675 0.113615 1.23941 0.186297 -0.250288 0.454168 -0.834494 -0.146836 0.491606 -0.707461 1.51586 0.373081 0.367054 0.589212 -0.251139 0.461346 -0.375716 0.315864 -0.410496 0.0277594 -0.841414
state149:  -0.696061 0.108067 1.24082 0.17676 -0.248409 0.465671 -0.830782 -0.137703 0.503743 -0.707648 1.5178 0.376027 0.392685 0.572817 -0.250742 0.439483 -0.379894 0.313413 -0.390412 0.00637728 -0.825079
state150:  -0.689447 0.102518 1.24222 0.167181 -0.24647 0.477062 -0.82687 -0.128571 0.515879 -0.707835 1.51974 0.378972 0.418316 0.556419 -0.250704 0.417228 -0.384034 0.310981 -0.37001 -0.0132993 -0.808068
state151:  -0.682833 0.0969697 1.24363 0.157562 -0.244472 0.488338 -0.82276 -0.119438 0.528015 -0.708022 1.52169 0.381918 0.443947 0.540023 -0.251024 0.394585 -0.388119 0.308573 -0.349297 -0.0312925 -0.79045
state152:  -0.676219 0.0914211 1.24503 0.147905 -0.242415 0.499497 -0.818451 -0.110305 0.540151 -0.708209 1.52363 0.384863 0.469579 0.523636 -0.251703 0.371559 -0.392135 0.306197 -0.328281 -0.0476323 -0.772293
state153:  -0.669605 0.0858725 1.24644 0.138212 -0.2403 0.510536 -0.813945 -0.101172 0.552287 -0.708396 1.52558 0.387808 0.49521 0.507267 -0.25274 0.348155 -0.396063 0.303857 -0.306968 -0.0623545 -0.753662
state154:  -0.662991 0.0803239 1.24785 0.128486 -0.238127 0.521451 -0.809244 -0.0920395 0.564423 -0.708582 1.52752 0.390754 0.520841 0.49092 -0.254134 0.324377 -0.399889 0.30156 -0.285365 -0.0754993 -0.734621
state155:  -0.656377 0.0747754 1.24925 0.118729 -0.235896 0.532242 -0.804348 -0.0829067 0.576559 -0.708769 1.52947 0.393699 0.546472 0.474603 -0.255884 0.300233 -0.403595 0.299312 -0.263479 -0.0871093 -0.715234
state156:  -0.649763 0.0692268 1.25066 0.108943 -0.233609 0.542904 -0.799258 -0.0737739 0.588695 -0.708956 1.53141 0.396645 0.572103 0.458323 -0.25799 0.275728 -0.407163 0.297117 -0.241318 -0.0972288 -0.695562
state157:  -0.643148 0.0636782 1.25206 0.0991311 -0.231266 0.553435 -0.793976 -0.0646411 0.600832 -0.709143 1.53336 0.39959 0.597734 0.442086 -0.260449 0.25087 -0.410579 0.294982 -0.218888 -0.105903 -0.675663
state158:  -0.636534 0.0581296 1.25347 0.0892954 -0.228867 0.563834 -0.788503 -0.0555083 0.612968 -0.70933 1.5353 0.402536 0.623365 0.425899 -0.26326 0.225666 -0.413824 0.292911 -0.196197 -0.113175 -0.655595
state159:  -0.62992 0.0525811 1.25487 0.0794382 -0.226413 0.574097 -0.782841 -0.0463755 0.625104 -0.709517 1.53724 0.405481 0.648996 0.409768 -0.266421 0.200125 -0.416881 0.29091 -0.173251 -0.119091 -0.635415
state160:  -0.623306 0.0470325 1.25628 0.069562 -0.223905 0.584221 -0.77699 -0.0372427 0.63724 -0.709704 1.53919 0.408427 0.674627 0.3937 -0.26993 0.174255 -0.419735 0.288984 -0.150058 -0.123693 -0.615178
state161:  -0.616692 0.0414839 1.25768 0.059669 -0.221342 0.594205 -0.770952 -0.0281099 0.649376 -0.709891 1.54113 0.411372 0.700258 0.377702 -0.273785 0.148068 -0.422369 0.287138 -0.126624 -0.127022 -0.594937
state162:  -0.610078 0.0359354 1.25909 0.0497616 -0.218727 0.604047 -0.764729 -0.0189771 0.661512 -0.710078 1.54308 0.414318 0.725889 0.361778 -0.277983 0.121572 -0.424767 0.285376 -0.102956 -0.129118 -0.574745
state163:  -0.603464 0.0303868 1.26049 0.0398423 -0.216059 0.613742 -0.758321 -0.00984428 0.673648 -0.710264 1.54502 0.417263 0.75152 0.345937 -0.282522 0.0947797 -0.426913 0.283704 -0.0790612 -0.13002 -0.554653
state164:  -0.59685 0.0248382 1.2619 0.0299134 -0.213339 0.623291 -0.751732 -0.000711479 0.685784 -0.710451 1.54697 0.420209 0.777151 0.330182 -0.287397 0.0677033 -0.428792 0.282127 -0.0549465 -0.129765 -0.534713
state165:  -0.590236 0.0192896 1.2633 0.0199773 -0.210567 0.632689 -0.744961 0.00842132 0.697921 -0.710638 1.54891 0.423154 0.802783 0.314521 -0.292607 0.0403554 -0.430389 0.280648 -0.0306187 -0.128387 -0.514973
state166:  -0.583621 0.0137411 1.26471 0.0100363 -0.207745 0.641935 -0.738011 0.0175541 0.710057 -0.710825 1.55085 0.4261 0.828414 0.298959 -0.298148 0.0127498 -0.431691 0.279272 -0.00608455 -0.125921 -0.495482
state167:  -0.577007 0.00819249 1.26611 9.30167e-05 -0.204873 0.651027 -0.730884 0.0266869 0.722193 -0.711012 1.5528 0.429045 0.854045 0.283501 -0.304017 -0.015099 -0.432684 0.278005 0.0186491 -0.122399 -0.476289
state168:  -0.570393 0.00264391 1.26752 -0.00985034 -0.201951 0.659962 -0.723581 0.0358197 0.734329 -0.711199 1.55474 0.431991 0.879676 0.268154 -0.310209 -0.043176 -0.433355 0.276849 0.0435754 -0.117854 -0.45744
state169:  -0.563779 -0.00290466 1.26892 -0.0197913 -0.198981 0.668738 -0.716104 0.0449525 0.746465 -0.711386 1.55669 0.434936 0.905307 0.252922 -0.316722 -0.0714653 -0.433692 0.27581 0.0686876 -0.112314 -0.438981
state170:  -0.563779 -0.00290466 1.26892 -0.0197913 -0.198981 0.668738 -0.716104 0.0449525 0.746465 -0.711386 1.55669 0.434936 0.905307 0.252922 -0.316722 -0.0714653 -0.433692 0.27581 0.0686876 -0.112314 -0.438981
state171:  -0.557351 -0.00489518 1.26625 -0.0164127 -0.193782 0.65902 -0.726547 0.0366812 0.753472 -0.728047 1.55141 0.425741 0.913612 0.245461 -0.308066 -0.0674212 -0.416045 0.309967 0.0675855 -0.0849613 -0.459046
state172:  -0.550923 -0.00688569 1.26358 -0.0130301 -0.188536 0.649143 -0.736816 0.0284099 0.76048 -0.744709 1.54614 0.416545 0.921917 0.238309 -0.299194 -0.0627905 -0.398517 0.344045 0.066198 -0.0577797 -0.479424
state173:  -0.544495 -0.00887621 1.2609 -0.00964435 -0.183245 0.639109 -0.746905 0.0201386 0.767487 -0.761371 1.54087 0.40735 0.930222 0.231468 -0.290113 -0.0575864 -0.381127 0.378028 0.0645207 -0.0307757 -0.50011
state174:  -0.538067 -0.0108667 1.25823 -0.00625626 -0.177909 0.628921 -0.756814 0.0118673 0.774494 -0.778032 1.53559 0.398154 0.938528 0.224941 -0.280834 -0.0518214 -0.363893 0.411901 0.0625494 -0.00395589 -0.521099
state175:  -0.531639 -0.0128572 1.25555 -0.00286667 -0.17253 0.61858 -0.76654 0.00359594 0.781501 -0.794694 1.53032 0.388959 0.946833 0.218733 -0.271367 -0.0455072 -0.346832 0.445647 0.0602798 0.0226732 -0.542383
state176:  -0.525211 -0.0148478 1.25288 0.000523624 -0.167109 0.608089 -0.776081 -0.00467538 0.788509 -0.811356 1.52504 0.379763 0.955138 0.212844 -0.261721 -0.0386551 -0.329962 0.479251 0.0577075 0.0491049 -0.563956
state177:  -0.518783 -0.0168383 1.25021 0.00391379 -0.161648 0.597452 -0.785434 -0.0129467 0.795516 -0.828017 1.51977 0.370567 0.963443 0.207278 -0.251906 -0.0312759 -0.313299 0.512694 0.0548285 0.0753326 -0.585811
state178:  -0.512355 -0.0188288 1.24753 0.007303 -0.156147 0.58667 -0.794596 -0.021218 0.802523 -0.844679 1.5145 0.361372 0.971748 0.202035 -0.241933 -0.0233798 -0.296861 0.545962 0.0516385 0.101349 -0.607941
state179:  -0.505927 -0.0208193 1.24486 0.0106905 -0.150609 0.575745 -0.803567 -0.0294893 0.80953 -0.861341 1.50922 0.352176 0.980053 0.197119 -0.23181 -0.0149768 -0.280664 0.579036 0.0481339 0.127148 -0.630339
state180:  -0.499499 -0.0228098 1.24218 0.0140753 -0.145035 0.564682 -0.812343 -0.0377606 0.816538 -0.878003 1.50395 0.342981 0.988359 0.192529 -0.221548 -0.00607656 -0.264726 0.611899 0.0443108 0.152722 -0.652996
state181:  -0.493071 -0.0248003 1.23951 0.0174568 -0.139425 0.553482 -0.820922 -0.0460319 0.823545 -0.894664 1.49867 0.333785 0.996664 0.188267 -0.211156 0.00331155 -0.249062 0.644535 0.0401659 0.178062 -0.675904
state182:  -0.486643 -0.0267909 1.23684 0.020834 -0.133782 0.542148 -0.829303 -0.0543033 0.830552 -0.911326 1.4934 0.32459 1.00497 0.184334 -0.200645 0.0131783 -0.23369 0.676926 0.035696 0.20316 -0.699054
state183:  -0.480215 -0.0287814 1.23416 0.0242062 -0.128106 0.530683 -0.837484 -0.0625746 0.837559 -0.927988 1.48813 0.315394 1.01327 0.18073 -0.190024 0.0235144 -0.218626 0.709054 0.0308982 0.228007 -0.722439
state184:  -0.473787 -0.0307719 1.23149 0.0275725 -0.122399 0.519089 -0.845461 -0.0708459 0.844567 -0.944649 1.48285 0.306199 1.02158 0.177455 -0.179302 0.0343109 -0.203885 0.740902 0.0257702 0.252594 -0.746048
state185:  -0.467359 -0.0327624 1.22881 0.0309322 -0.116663 0.50737 -0.853234 -0.0791172 0.851574 -0.961311 1.47758 0.297003 1.02988 0.174511 -0.16849 0.0455586 -0.189484 0.772451 0.02031 0.276909 -0.769872
state186:  -0.460931 -0.0347529 1.22614 0.0342844 -0.110899 0.495528 -0.860801 -0.0873885 0.858581 -0.977973 1.47231 0.287808 1.03819 0.171896 -0.157597 0.057248 -0.17544 0.803684 0.0145159 0.30094 -0.793901
state187:  -0.454503 -0.0367435 1.22347 0.0376283 -0.105107 0.483566 -0.868159 -0.0956598 0.865589 -0.994634 1.46703 0.278612 1.04649 0.169611 -0.146633 0.0693699 -0.161767 0.834582 0.00838686 0.324673 -0.818125
state188:  -0.448075 -0.038734 1.22079 0.040963 -0.0992904 0.471488 -0.875307 -0.103931 0.872596 -1.0113 1.46176 0.269417 1.0548 0.167655 -0.135607 0.0819145 -0.14848 0.865129 0.00192245 0.348093 -0.842532
state189:  -0.441647 -0.0407245 1.21812 0.0442879 -0.0934496 0.459295 -0.882244 -0.112202 0.879603 -1.02796 1.45648 0.260221 1.06311 0.166029 -0.12453 0.0948717 -0.135597 0.895304 -0.00487729 0.371181 -0.867112
state190:  -0.435219 -0.042715 1.21544 0.0476021 -0.0875861 0.446991 -0.888967 -0.120474 0.88661 -1.04462 1.45121 0.251026 1.07141 0.164731 -0.11341 0.108231 -0.123131 0.925091 -0.0120117 0.393918 -0.891853
state191:  -0.428791 -0.0447055 1.21277 0.0509047 -0.0817015 0.434579 -0.895475 -0.128745 0.893618 -1.06128 1.44594 0.24183 1.07972 0.163762 -0.102257 0.121982 -0.111097 0.95447 -0.0194794 0.416279 -0.916743
state192:  -0.422363 -0.046696 1.2101 0.054195 -0.0757971 0.422061 -0.901766 -0.137016 0.900625 -1.07794 1.44066 0.232635 1.08802 0.16312 -0.0910811 0.136114 -0.0995104 0.983424 -0.0272784 0.438236 -0.94177
state193:  -0.415935 -0.0486866 1.20742 0.0574722 -0.0698744 0.409442 -0.907839 -0.145288 0.907632 -1.0946 1.43539 0.223439 1.09633 0.162805 -0.0798912 0.150614 -0.0883846 1.01193 -0.0354059 0.459757 -0.966921
state194:  -0.409507 -0.0506771 1.20475 0.0607355 -0.0639347 0.396724 -0.913693 -0.153559 0.914639 -1.11127 1.43011 0.214244 1.10463 0.162817 -0.0686969 0.165471 -0.0777338 1.03998 -0.0438585 0.480802 -0.992182
state195:  -0.403079 -0.0526676 1.20207 0.0639842 -0.0579796 0.383909 -0.919325 -0.16183 0.921647 -1.12793 1.42484 0.205048 1.11294 0.163154 -0.0575077 0.180671 -0.0675712 1.06755 -0.0526319 0.501326 -1.01754
state196:  -0.396651 -0.0546581 1.1994 0.0672173 -0.0520105 0.371002 -0.924735 -0.170102 0.928654 -1.14459 1.41957 0.195853 1.12124 0.163815 -0.0463329 0.196201 -0.05791 1.09462 -0.0617209 0.521272 -1.04298
state197:  -0.390223 -0.0566486 1.19673 0.0704341 -0.0460287 0.358005 -0.929921 -0.178373 0.935661 -1.16125 1.41429 0.186657 1.12955 0.1648 -0.0351819 0.212047 -0.0487625 1.12118 -0.0711196 0.540573 -1.06848
state198:  -0.383795 -0.0586391 1.19405 0.073634 -0.0400359 0.344921 -0.934882 -0.186644 0.942668 -1.17791 1.40902 0.177462 1.13785 0.166107 -0.0240642 0.228194 -0.0401407 1.1472 -0.0808212 0.559148 -1.09404
state199:  -0.377367 -0.0606297 1.19138 0.076816 -0.0340333 0.331754 -0.939617 -0.194916 0.949676 -1.19457 1.40374 0.168266 1.14616 0.167736 -0.012989 0.244628 -0.032056 1.17267 -0.0908182 0.576894 -1.11963
state200:  -0.370939 -0.0626202 1.1887 0.0799794 -0.0280225 0.318506 -0.944125 -0.203187 0.956683 -1.21124 1.39847 0.15907 1.15446 0.169685 -0.00196565 0.261331 -0.0245191 1.19757 -0.101102 0.593686 -1.14523
state201:  -0.364511 -0.0646107 1.18603 0.0831235 -0.022005 0.305182 -0.948404 -0.211458 0.96369 -1.2279 1.3932 0.149875 1.16277 0.171953 0.00899646 0.278287 -0.0175402 1.22188 -0.111663 0.609368 -1.17083
state202:  -0.358083 -0.0666012 1.18336 0.0862474 -0.0159821 0.291783 -0.952454 -0.21973 0.970698 -1.24456 1.38792 0.140679 1.17107 0.174539 0.0198881 0.295478 -0.0111285 1.24559 -0.12249 0.623738 -1.1964
state203:  -0.351655 -0.0685917 1.18068 0.0893505 -0.00995531 0.278314 -0.956273 -0.228001 0.977705 -1.26122 1.38265 0.131484 1.17938 0.177441 0.0306999 0.312888 -0.00529269 1.26867 -0.133573 0.636541 -1.22192
state204:  -0.345227 -0.0705822 1.17801 0.092432 -0.00392614 0.264778 -0.959861 -0.236272 0.984712 -1.27788 1.37737 0.122288 1.18768 0.180658 0.0414227 0.330497 -4.06398e-05 1.29112 -0.144899 0.647439 -1.24737
state205:  -0.338799 -0.0725728 1.17533 0.0954911 0.00210398 0.251178 -0.963217 -0.244543 0.991719 -1.29454 1.3721 0.113093 1.19599 0.184188 0.0520472 0.348285 0.00462069 1.31291 -0.156454 0.655988 -1.27271
state206:  -0.332371 -0.0745633 1.17266 0.0985271 0.00813358 0.237517 -0.96634 -0.252815 0.998727 -1.31121 1.36683 0.103897 1.20429 0.188029 0.0625641 0.366235 0.00868517 1.33402 -0.168225 0.661583 -1.29791
state207:  -0.325943 -0.0765538 1.16999 0.101539 0.0141612 0.223798 -0.969228 -0.261086 1.00573 -1.32787 1.36155 0.0947018 1.2126 0.19218 0.0729642 0.384324 0.0121476 1.35445 -0.180195 0.663392 -1.32294
state208:  -0.319515 -0.0785443 1.16731 0.104527 0.0201854 0.210025 -0.971883 -0.269357 1.01274 -1.34453 1.35628 0.0855063 1.2209 0.196638 0.0832384 0.402534 0.0150036 1.37416 -0.192349 0.660229 -1.34772
state209:  -0.313087 -0.0805348 1.16464 0.107489 0.0262048 0.196202 -0.974302 -0.277629 1.01975 -1.36119 1.35101 0.0763108 1.22921 0.201401 0.0933775 0.420843 0.0172498 1.39316 -0.204669 0.65037 -1.3722
state210:  -0.313087 -0.0805348 1.16464 0.107489 0.0262048 0.196202 -0.974302 -0.277629 1.01975 -1.36119 1.35101 0.0763108 1.22921 0.201401 0.0933775 0.420843 0.0172498 1.39316 -0.204669 0.65037 -1.3722
state211:  -0.316082 -0.0746813 1.16191 0.110542 0.0326225 0.182876 -0.976357 -0.269838 1.0193 -1.30808 1.33494 0.0644159 1.22809 0.206504 0.104322 0.426185 0.014863 1.34234 -0.196831 0.534365 -1.32543
state212:  -0.319077 -0.0688278 1.15919 0.113568 0.0390326 0.169508 -0.978185 -0.262047 1.01885 -1.25496 1.31888 0.0525211 1.22697 0.211924 0.115118 0.431559 0.0121711 1.29168 -0.190064 0.45468 -1.2769
state213:  -0.322073 -0.0629742 1.15646 0.116569 0.0454337 0.156101 -0.979786 -0.254256 1.01839 -1.20184 1.30282 0.0406262 1.22585 0.21766 0.125755 0.436958 0.00917452 1.24118 -0.184483 0.396166 -1.22756
state214:  -0.325068 -0.0571207 1.15374 0.119542 0.0518242 0.142657 -0.981159 -0.246465 1.01794 -1.14873 1.28676 0.0287313 1.22473 0.22371 0.136223 0.442375 0.00587367 1.19087 -0.180196 0.350686 -1.17791
state215:  -0.328063 -0.0512672 1.15101 0.122488 0.0582026 0.12918 -0.982304 -0.238674 1.01749 -1.09561 1.2707 0.0168365 1.22361 0.230071 0.146515 0.447801 0.00226928 1.14075 -0.177307 0.313587 -1.12826
state216:  -0.331058 -0.0454136 1.14829 0.125405 0.0645676 0.115673 -0.983221 -0.230883 1.01704 -1.0425 1.25463 0.00494161 1.22249 0.23674 0.15662 0.453231 -0.00163766 1.09087 -0.175912 0.282042 -1.07881
state217:  -0.334054 -0.0395601 1.14556 0.128293 0.0709175 0.102139 -0.98391 -0.223092 1.01659 -0.989381 1.23857 -0.00695325 1.22137 0.243714 0.166529 0.458657 -0.00584596 1.04126 -0.176101 0.254241 -1.02969
state218:  -0.337049 -0.0337066 1.14284 0.131151 0.077251 0.0885818 -0.98437 -0.215301 1.01614 -0.936265 1.22251 -0.0188481 1.22025 0.25099 0.176233 0.464073 -0.0103542 0.991956 -0.177957 0.228972 -0.981026
state219:  -0.340044 -0.027853 1.14011 0.133979 0.0835665 0.0750037 -0.984602 -0.20751 1.01568 -0.88315 1.20645 -0.030743 1.21913 0.258565 0.185723 0.46947 -0.0151607 0.943013 -0.181553 0.205388 -0.932919
state220:  -0.343039 -0.0219995 1.13739 0.136775 0.0898627 0.0614082 -0.984605 -0.199719 1.01523 -0.830034 1.19039 -0.0426378 1.21801 0.266433 0.19499 0.474844 -0.0202635 0.89448 -0.186955 0.182879 -0.885457
state221:  -0.346035 -0.016146 1.13466 0.13954 0.0961379 0.0477985 -0.984379 -0.191928 1.01478 -0.776918 1.17432 -0.0545327 1.21689 0.274592 0.204024 0.480188 -0.0256607 0.846413 -0.194218 0.16099 -0.838726
state222:  -0.34903 -0.0102924 1.13193 0.142273 0.102391 0.0341776 -0.983924 -0.184137 1.01433 -0.723802 1.15826 -0.0664276 1.21577 0.283036 0.212817 0.485495 -0.0313498 0.798869 -0.203388 0.139372 -0.79281
state223:  -0.352025 -0.00443892 1.12921 0.144972 0.10862 0.0205488 -0.983241 -0.176346 1.01388 -0.670686 1.1422 -0.0783224 1.21465 0.291761 0.221361 0.490759 -0.0373285 0.751907 -0.214503 0.117752 -0.74779
state224:  -0.35502 0.00141462 1.12648 0.147638 0.114824 0.00691526 -0.982329 -0.168555 1.01343 -0.617571 1.12614 -0.0902173 1.21353 0.300761 0.229645 0.495974 -0.0435941 0.705583 -0.227588 0.0959086 -0.703752
state225:  -0.358016 0.00726815 1.12376 0.150269 0.121001 -0.00671992 -0.981189 -0.160764 1.01297 -0.564455 1.11008 -0.102112 1.21241 0.31003 0.237661 0.501136 -0.0501436 0.659955 -0.242661 0.0736632 -0.66078
state226:  -0.361011 0.0131217 1.12103 0.152866 0.12715 -0.0203535 -0.979822 -0.152973 1.01252 -0.511339 1.09402 -0.114007 1.21129 0.319561 0.245402 0.506237 -0.0569741 0.615077 -0.259729 0.050866 -0.618963
state227:  -0.364006 0.0189752 1.11831 0.155427 0.13327 -0.0339824 -0.978226 -0.145182 1.01207 -0.458223 1.07795 -0.125902 1.21017 0.329349 0.252858 0.511274 -0.0640823 0.570998 -0.27879 0.0273916 -0.57839
state228:  -0.367001 0.0248287 1.11558 0.157951 0.139358 -0.0476034 -0.976404 -0.137391 1.01162 -0.405108 1.06189 -0.137797 1.20905 0.339385 0.260022 0.51624 -0.071465 0.527764 -0.299836 0.00313402 -0.539155
state229:  -0.369996 0.0306823 1.11286 0.16044 0.145415 -0.0612134 -0.974354 -0.1296 1.01117 -0.351992 1.04583 -0.149692 1.20793 0.349663 0.266886 0.521131 -0.0791187 0.485414 -0.322847 -0.0219959 -0.501353
state230:  -0.372992 0.0365358 1.11013 0.162891 0.151437 -0.0748091 -0.972079 -0.121809 1.01072 -0.298876 1.02977 -0.161586 1.20681 0.360173 0.273441 0.525942 -0.0870396 0.443982 -0.3478 -0.0480729 -0.46508
state231:  -0.375987 0.0423893 1.10741 0.165304 0.157424 -0.0883874 -0.969577 -0.114018 1.01026 -0.24576 1.01371 -0.173481 1.20569 0.370908 0.279681 0.530668 -0.0952241 0.403494 -0.374662 -0.0751582 -0.430436
state232:  -0.378982 0.0482429 1.10468 0.167678 0.163375 -0.101945 -0.96685 -0.106227 1.00981 -0.192645 0.997644 -0.185376 1.20457 0.381857 0.285597 0.535306 -0.103668 0.36397 -0.403397 -0.1033 -0.39752
state233:  -0.381977 0.0540964 1.10196 0.170014 0.169288 -0.115479 -0.963899 -0.0984365 1.00936 -0.139529 0.981582 -0.197271 1.20344 0.393012 0.291184 0.53985 -0.112368 0.325423 -0.433963 -0.132536 -0.366434
state234:  -0.384973 0.0599499 1.09923 0.17231 0.175161 -0.128987 -0.960724 -0.0906455 1.00891 -0.0864132 0.96552 -0.209166 1.20232 0.404361 0.296434 0.544297 -0.12132 0.287857 -0.466313 -0.162888 -0.337277
state235:  -0.387968 0.0658035 1.09651 0.174566 0.180994 -0.142464 -0.957325 -0.0828545 1.00846 -0.0332974 0.949458 -0.221061 1.2012 0.415895 0.301341 0.548643 -0.130519 0.251268 -0.500399 -0.194369 -0.310147
state236:  -0.387968 0.0658035 1.09651 0.174566 0.180994 -0.142464 -0.957325 -0.0828545 1.00846 -0.0332974 0.949458 -0.221061 1.2012 0.415895 0.301341 0.548643 -0.130519 0.251268 -0.500399 -0.194369 -0.310147
state237:  -0.367549 0.0623401 1.08616 0.165623 0.171721 -0.135165 -0.961671 -0.0784938 1.03801 -0.0315449 0.982119 -0.209426 1.22061 0.390685 0.289534 0.517733 -0.134928 0.2086 -0.486394 -0.20671 -0.270422
state238:  -0.347129 0.0588768 1.07582 0.15664 0.162408 -0.127834 -0.965788 -0.074133 1.06757 -0.0297924 1.01478 -0.197791 1.24003 0.365847 0.277191 0.486736 -0.138178 0.168701 -0.469456 -0.214856 -0.231642
state239:  -0.32671 0.0554134 1.06548 0.14762 0.153056 -0.120473 -0.969674 -0.0697722 1.09712 -0.0280399 1.04744 -0.186156 1.25944 0.341386 0.264327 0.455702 -0.140232 0.131828 -0.449832 -0.219043 -0.194185
state240:  -0.306291 0.0519501 1.05514 0.138565 0.143667 -0.113083 -0.97333 -0.0654115 1.12668 -0.0262874 1.0801 -0.174522 1.27885 0.317303 0.250958 0.424684 -0.141062 0.0981811 -0.427791 -0.21951 -0.158416
state241:  -0.285871 0.0484868 1.04479 0.129477 0.134244 -0.105666 -0.976754 -0.0610507 1.15623 -0.0245349 1.11276 -0.162887 1.29826 0.2936 0.2371 0.393736 -0.14064 0.0679005 -0.403615 -0.2165 -0.124684
state242:  -0.265452 0.0450234 1.03445 0.120358 0.124789 -0.0982241 -0.979946 -0.05669 1.18579 -0.0227824 1.14542 -0.151252 1.31767 0.270279 0.222767 0.362917 -0.138946 0.0410777 -0.377593 -0.210271 -0.0933229
state243:  -0.245032 0.0415601 1.02411 0.11121 0.115305 -0.0907587 -0.982904 -0.0523292 1.21534 -0.0210299 1.17808 -0.139617 1.33708 0.247337 0.207976 0.332285 -0.135962 0.0177619 -0.350017 -0.201098 -0.0646495
state244:  -0.224613 0.0380967 1.01377 0.102036 0.105793 -0.0832716 -0.985628 -0.0479684 1.2449 -0.0192775 1.21074 -0.127983 1.35649 0.224773 0.192742 0.3019 -0.131678 -0.00203199 -0.321176 -0.189283 -0.0389578
state245:  -0.204194 0.0346334 1.00342 0.0928372 0.0962555 -0.0757647 -0.988117 -0.0436077 1.27445 -0.017525 1.2434 -0.116348 1.3759 0.202583 0.17708 0.271823 -0.126086 -0.0183153 -0.291361 -0.175158 -0.0165157
state246:  -0.183774 0.0311701 0.993082 0.0836166 0.0866954 -0.0682397 -0.990371 -0.0392469 1.30401 -0.0157725 1.27606 -0.104713 1.39531 0.180763 0.161004 0.242112 -0.119184 -0.0311193 -0.260855 -0.159087 0.00244132
state247:  -0.163355 0.0277067 0.982739 0.0743761 0.0771147 -0.0606985 -0.99239 -0.0348861 1.33356 -0.01402 1.30872 -0.0930782 1.41472 0.159309 0.144529 0.212827 -0.110976 -0.0404897 -0.229939 -0.141469 0.0177154
state248:  -0.142936 0.0242434 0.972397 0.0651179 0.0675156 -0.0531428 -0.994172 -0.0305254 1.36312 -0.0122675 1.34138 -0.0814435 1.43413 0.138214 0.12767 0.184023 -0.101467 -0.0464823 -0.198889 -0.122734 0.0291529
state249:  -0.122516 0.02078 0.962055 0.0558442 0.0579004 -0.0455745 -0.995717 -0.0261646 1.39267 -0.010515 1.37404 -0.0698087 1.45354 0.117472 0.110439 0.155754 -0.0906715 -0.0491607 -0.167974 -0.103338 0.0366492
state250:  -0.102097 0.0173167 0.951712 0.0465571 0.0482714 -0.0379954 -0.997025 -0.0218038 1.42223 -0.00876248 1.4067 -0.0581739 1.47295 0.0970753 0.092851 0.128072 -0.0786038 -0.0485946 -0.137461 -0.0837592 0.0401536
state251:  -0.0816775 0.0138534 0.94137 0.037259 0.0386309 -0.0304072 -0.998096 -0.0174431 1.45178 -0.00700998 1.43936 -0.0465391 1.49236 0.0770174 0.0749189 0.101024 -0.0652842 -0.0448593 -0.107614 -0.0644848 0.0396719
state252:  -0.0612581 0.01039 0.931027 0.027952 0.0289812 -0.0228117 -0.998929 -0.0130823 1.48134 -0.00525749 1.47202 -0.0349043 1.51177 0.0572896 0.0566554 0.0746538 -0.050736 -0.0380369 -0.0786914 -0.0460032 0.0352676
state253:  -0.0408387 0.00692668 0.920685 0.0186384 0.0193247 -0.0152108 -0.999524 -0.00872153 1.51089 -0.00350499 1.50468 -0.0232696 1.53118 0.0378834 0.0380731 0.0490029 -0.0349859 -0.0282173 -0.0509482 -0.0287932 0.0270616
state254:  -0.0204194 0.00346334 0.910342 0.0093203 0.00966348 -0.00760632 -0.999881 -0.00436077 1.54045 -0.0017525 1.53734 -0.0116348 1.55059 0.01879 0.019184 0.0241074 -0.0180633 -0.0155006 -0.0246357 -0.0133143 0.01523
state255:  0 0 0.9 0 0 0 1 0 1.57 0 1.57 0 1.57 -0 0 -0 0 -0 0 -0 0
end
