start_state_:  0 -0.25 0.2 0 0 0 1 0 1.57 0 1.57 0 1.57 -0 0 -0 0 -0 0 -0 0
goal_state_:  0 0 0.9 0 0 0 1 0 1.57 0 1.57 0 1.57 0 0 0 0 0 0 0 0
states:  185 #366
planning_mode: 2
planning_time: 36000.1
motion_cost: 7.12728
minimum_var: 0.318617
minimum_var_state_entry: 100 #281
state0:  0 -0.25 0.2 0 0 0 1 0 1.57 0 1.57 0 1.57 -0 0 -0 0 -0 0 -0 0
state1:  0.00176266 -0.238992 0.215993 -1.02125e-05 0.00691836 -0.0130781 0.999891 0.010195 1.55777 -0.0580066 1.56647 0.0234991 1.53107 0.000201401 -0.0138354 -0.0240257 -0.000514464 0.0573876 0.0242743 0.00309578 -0.057293
state2:  0.00352533 -0.227984 0.231986 -2.04228e-05 0.0138352 -0.0261534 0.999562 0.02039 1.54553 -0.116013 1.56293 0.0469983 1.49213 0.000764796 -0.0276607 -0.0480162 -0.00197769 0.113654 0.0489094 0.01118 -0.11299
state3:  0.00528799 -0.216977 0.247979 -3.06286e-05 0.020749 -0.039223 0.999015 0.0305851 1.5333 -0.17402 1.5594 0.0704974 1.4532 0.00169033 -0.0414666 -0.0719381 -0.00438668 0.168801 0.0738569 0.0243245 -0.166645
state4:  0.00705065 -0.205969 0.263972 -4.08277e-05 0.0276583 -0.052284 0.998249 0.0407801 1.52106 -0.232026 1.55586 0.0939966 1.41426 0.00297823 -0.0552436 -0.0957587 -0.00773649 0.222832 0.099066 0.0425893 -0.217787
state5:  0.00881331 -0.194961 0.279965 -5.10178e-05 0.0345615 -0.0653335 0.997265 0.0509751 1.50883 -0.290033 1.55233 0.117496 1.37533 0.00462883 -0.068982 -0.119446 -0.0120203 0.275749 0.124484 0.066004 -0.265929
state6:  0.010576 -0.183953 0.295959 -6.11968e-05 0.0414572 -0.0783687 0.996062 0.0611701 1.49659 -0.34804 1.5488 0.140995 1.3364 0.00664254 -0.0826724 -0.142968 -0.0172295 0.327561 0.150057 0.0945429 -0.310567
state7:  0.0123386 -0.172946 0.311952 -7.13624e-05 0.0483437 -0.0913868 0.994641 0.0713651 1.48436 -0.406046 1.54526 0.164494 1.29746 0.00901984 -0.0963051 -0.166295 -0.0233537 0.378272 0.175728 0.128098 -0.351194
state8:  0.0141013 -0.161938 0.327945 -8.15124e-05 0.0552197 -0.104385 0.993003 0.0815602 1.47212 -0.464053 1.54173 0.187993 1.25853 0.0117613 -0.109871 -0.189398 -0.0303808 0.427891 0.201441 0.16645 -0.387309
state9:  0.015864 -0.15093 0.343938 -9.16445e-05 0.0620836 -0.11736 0.991147 0.0917552 1.45989 -0.52206 1.5382 0.211492 1.21959 0.0148675 -0.123359 -0.212249 -0.0382973 0.476428 0.227137 0.20924 -0.418441
state10:  0.0176266 -0.139922 0.359931 -0.000101757 0.068934 -0.13031 0.989074 0.10195 1.44765 -0.580066 1.53466 0.234991 1.18066 0.0183391 -0.136761 -0.234822 -0.0470881 0.52389 0.252756 0.255951 -0.444168
state11:  0.0193893 -0.128914 0.375924 -0.000111846 0.0757692 -0.143231 0.986785 0.112145 1.43542 -0.638073 1.53113 0.258491 1.14173 0.0221767 -0.150066 -0.257091 -0.0567368 0.570288 0.278238 0.3059 -0.464145
state12:  0.021152 -0.117907 0.391917 -0.000121912 0.0825878 -0.15612 0.984279 0.12234 1.42318 -0.696079 1.52759 0.28199 1.10279 0.0263811 -0.163265 -0.279034 -0.0672257 0.615633 0.303523 0.358258 -0.478126
state13:  0.0229146 -0.106899 0.40791 -0.00013195 0.0893884 -0.168976 0.981558 0.132535 1.41095 -0.754086 1.52406 0.305489 1.06386 0.0309529 -0.176348 -0.300629 -0.0785361 0.659937 0.32855 0.412076 -0.485988
state14:  0.0246773 -0.095891 0.423903 -0.00014196 0.0961694 -0.181794 0.978623 0.14273 1.39872 -0.812093 1.52053 0.328988 1.02493 0.0358927 -0.189304 -0.321856 -0.0906483 0.703211 0.353255 0.466348 -0.487743
state15:  0.0264399 -0.0848832 0.439896 -0.000151939 0.102929 -0.194573 0.975473 0.152925 1.38648 -0.870099 1.51699 0.352487 0.985991 0.0412011 -0.202124 -0.342696 -0.103542 0.745469 0.377578 0.520072 -0.48354
state16:  0.0282026 -0.0738754 0.455889 -0.000161884 0.109667 -0.207309 0.972109 0.16312 1.37425 -0.928106 1.51346 0.375986 0.947058 0.0468786 -0.214797 -0.363134 -0.117195 0.786726 0.401457 0.572316 -0.473657
state17:  0.0299653 -0.0628677 0.471883 -0.000171794 0.11638 -0.22 0.968533 0.173315 1.36201 -0.986112 1.50993 0.399485 0.908124 0.0529255 -0.227313 -0.383153 -0.131586 0.826997 0.42483 0.622278 -0.458481
state18:  0.0317279 -0.0518599 0.487876 -0.000181666 0.123068 -0.232642 0.964744 0.18351 1.34978 -1.04412 1.50639 0.422985 0.86919 0.0593421 -0.239662 -0.40274 -0.146693 0.866301 0.447636 0.669312 -0.438485
state19:  0.0334906 -0.0408521 0.503869 -0.000191499 0.129729 -0.245234 0.960745 0.193705 1.33754 -1.10213 1.50286 0.446484 0.830256 0.0661283 -0.251832 -0.421882 -0.162493 0.904658 0.469813 0.712954 -0.414195
state20:  0.0352533 -0.0298443 0.519862 -0.00020129 0.136362 -0.257772 0.956535 0.2039 1.32531 -1.16013 1.49932 0.469983 0.791322 0.0732842 -0.263815 -0.440569 -0.178962 0.942091 0.491301 0.752907 -0.386167
state21:  0.0370159 -0.0188365 0.535855 -0.000211036 0.142964 -0.270253 0.952116 0.214095 1.31307 -1.21814 1.49579 0.493482 0.752388 0.0808091 -0.275599 -0.458791 -0.196078 0.978628 0.512042 0.789032 -0.354958
state22:  0.0387786 -0.00782874 0.551848 -0.000220736 0.149536 -0.282676 0.947488 0.22429 1.30084 -1.27615 1.49226 0.516981 0.713454 0.0887025 -0.287173 -0.476539 -0.213816 1.0143 0.531977 0.821315 -0.321111
state23:  0.0387786 -0.00782874 0.551848 -0.000220736 0.149536 -0.282676 0.947488 0.22429 1.30084 -1.27615 1.49226 0.516981 0.713454 0.0887025 -0.287173 -0.476539 -0.213816 1.0143 0.531977 0.821315 -0.321111
state24:  0.0359369 -0.00508425 0.55897 0.000757212 0.157231 -0.284205 0.945783 0.182921 1.30473 -1.2136 1.49153 0.501562 0.716754 0.0922513 -0.302433 -0.450857 -0.208834 0.959447 0.505805 0.775927 -0.33874
state25:  0.0330953 -0.00233976 0.566092 0.00173511 0.164916 -0.285716 0.944016 0.141552 1.30861 -1.15106 1.49081 0.486144 0.720055 0.0959008 -0.317675 -0.425185 -0.203994 0.904363 0.479281 0.727902 -0.353399
state26:  0.0302537 0.000404732 0.573213 0.0027129 0.172591 -0.287209 0.942187 0.100182 1.3125 -1.08852 1.49008 0.470725 0.723355 0.0996541 -0.332899 -0.39952 -0.199302 0.849066 0.452409 0.677496 -0.364904
state27:  0.027412 0.00314922 0.580335 0.00369051 0.180254 -0.288683 0.940296 0.0588126 1.31639 -1.02598 1.48936 0.455306 0.726656 0.103514 -0.348103 -0.373861 -0.194767 0.79357 0.425198 0.625003 -0.373103
state28:  0.0245704 0.00589371 0.587457 0.00466787 0.187905 -0.290137 0.938344 0.0174431 1.32028 -0.963437 1.48863 0.439887 0.729956 0.107485 -0.363287 -0.348208 -0.190394 0.73789 0.397655 0.570752 -0.377887
state29:  0.0217287 0.0086382 0.594579 0.00564493 0.195544 -0.291573 0.936331 -0.0239263 1.32416 -0.900895 1.48791 0.424469 0.733256 0.11157 -0.37845 -0.322557 -0.186189 0.682035 0.369787 0.515093 -0.379189
state30:  0.0188871 0.0113827 0.6017 0.00662163 0.203171 -0.29299 0.934256 -0.0652958 1.32805 -0.838353 1.48718 0.40905 0.736557 0.115772 -0.393591 -0.296909 -0.182158 0.626013 0.341606 0.458385 -0.37699
state31:  0.0160455 0.0141272 0.608822 0.00759788 0.210784 -0.294388 0.93212 -0.106665 1.33194 -0.775812 1.48646 0.393631 0.739857 0.120096 -0.408709 -0.271262 -0.178308 0.569828 0.31312 0.400983 -0.371318
state32:  0.0132038 0.0168717 0.615944 0.00857365 0.218383 -0.295766 0.929924 -0.148035 1.33583 -0.71327 1.48574 0.378212 0.743158 0.124546 -0.423803 -0.245615 -0.174644 0.513483 0.284342 0.343219 -0.362251
state33:  0.0103622 0.0196162 0.623066 0.00954885 0.225968 -0.297125 0.927666 -0.189404 1.33971 -0.650728 1.48501 0.362794 0.746458 0.129127 -0.438873 -0.219969 -0.171172 0.456976 0.255283 0.285394 -0.349911
state34:  0.00752055 0.0223607 0.630188 0.0105234 0.233538 -0.298464 0.925348 -0.230774 1.3436 -0.588187 1.48429 0.347375 0.749758 0.133842 -0.453917 -0.194322 -0.167896 0.400304 0.225957 0.227765 -0.334461
state35:  0.00467891 0.0251051 0.637309 0.0114973 0.241093 -0.299784 0.922969 -0.272143 1.34749 -0.525645 1.48356 0.331956 0.753059 0.138697 -0.468934 -0.168675 -0.164821 0.343462 0.196378 0.170536 -0.3161
state36:  0.00183727 0.0278496 0.644431 0.0124704 0.248632 -0.301085 0.92053 -0.313513 1.35137 -0.463103 1.48284 0.316538 0.756359 0.143697 -0.483923 -0.143028 -0.161953 0.286441 0.166562 0.113858 -0.295058
state37:  -0.00100437 0.0305941 0.651553 0.0134428 0.256155 -0.302366 0.91803 -0.354882 1.35526 -0.400561 1.48211 0.301119 0.759659 0.148847 -0.498882 -0.11738 -0.159295 0.22923 0.136524 0.0578262 -0.271588
state38:  -0.00384601 0.0333386 0.658675 0.0144142 0.263661 -0.303626 0.915471 -0.396252 1.35915 -0.33802 1.48139 0.2857 0.76296 0.154153 -0.513811 -0.091732 -0.156852 0.171817 0.106282 0.0024822 -0.245964
state39:  -0.00668765 0.0360831 0.665796 0.0153847 0.271149 -0.304867 0.912851 -0.437621 1.36304 -0.275478 1.48066 0.270281 0.76626 0.159621 -0.528708 -0.0660845 -0.154627 0.114186 0.0758549 -0.0521805 -0.218472
state40:  -0.00952929 0.0388276 0.672918 0.0163542 0.27862 -0.306089 0.910172 -0.47899 1.36692 -0.212936 1.47994 0.254863 0.769561 0.165257 -0.543572 -0.0404381 -0.152625 0.0563179 0.0452611 -0.106211 -0.189409
state41:  -0.0123709 0.0415721 0.68004 0.0173226 0.286073 -0.30729 0.907433 -0.52036 1.37081 -0.150394 1.47922 0.239444 0.772861 0.171068 -0.558401 -0.0147936 -0.150848 -0.00180572 0.0145213 -0.159695 -0.159081
state42:  -0.0152126 0.0443166 0.687162 0.0182899 0.293507 -0.308471 0.904635 -0.561729 1.3747 -0.0878527 1.47849 0.224025 0.776161 0.17706 -0.573193 0.0108483 -0.1493 -0.0602079 -0.0163432 -0.212746 -0.127795
state43:  -0.0180542 0.0470611 0.694284 0.019256 0.300922 -0.309631 0.901778 -0.603099 1.37859 -0.025311 1.47777 0.208606 0.779462 0.183242 -0.587948 0.0364865 -0.147983 -0.118913 -0.04731 -0.2655 -0.0958648
state44:  -0.0208959 0.0498056 0.701405 0.0202208 0.308317 -0.310772 0.898862 -0.644468 1.38247 0.0372307 1.47704 0.193188 0.782762 0.189621 -0.602662 0.0621198 -0.1469 -0.177949 -0.0783556 -0.318108 -0.063606
state45:  -0.0237375 0.05255 0.708527 0.0211843 0.315692 -0.311892 0.895887 -0.685838 1.38636 0.0997724 1.47632 0.177769 0.786062 0.196206 -0.617334 0.0877472 -0.146053 -0.237344 -0.109455 -0.370727 -0.0313359
state46:  -0.0265791 0.0552945 0.715649 0.0221465 0.323047 -0.312992 0.892853 -0.727207 1.39025 0.162314 1.47559 0.16235 0.789363 0.203004 -0.631963 0.113367 -0.145444 -0.297131 -0.140584 -0.423518 0.00062539
state47:  -0.0294208 0.058039 0.722771 0.0231071 0.33038 -0.314071 0.889761 -0.768577 1.39414 0.224856 1.47487 0.146931 0.792663 0.210025 -0.646546 0.138979 -0.145074 -0.357342 -0.171715 -0.476635 0.0319561
state48:  -0.0322624 0.0607835 0.729892 0.0240663 0.337692 -0.31513 0.886611 -0.809946 1.39802 0.287398 1.47414 0.131513 0.795964 0.217279 -0.66108 0.16458 -0.144945 -0.418015 -0.20282 -0.530222 0.0623323
state49:  -0.0351041 0.063528 0.737014 0.0250239 0.344981 -0.316168 0.883402 -0.851316 1.40191 0.349939 1.47342 0.116094 0.799264 0.224776 -0.675564 0.19017 -0.145058 -0.479188 -0.23387 -0.584402 0.0914292
state50:  -0.0379457 0.0662725 0.744136 0.0259798 0.352248 -0.317186 0.880136 -0.892685 1.4058 0.412481 1.47269 0.100675 0.802564 0.232527 -0.689995 0.215747 -0.145413 -0.540902 -0.264835 -0.639275 0.118922
state51:  -0.0407873 0.069017 0.751258 0.0269341 0.359492 -0.318182 0.876812 -0.934055 1.40969 0.475023 1.47197 0.0852564 0.805865 0.240543 -0.70437 0.241309 -0.146011 -0.603201 -0.295685 -0.694905 0.144487
state52:  -0.043629 0.0717615 0.75838 0.0278866 0.366712 -0.319158 0.873431 -0.975424 1.41357 0.537565 1.47125 0.0698376 0.809165 0.248836 -0.718687 0.266855 -0.146852 -0.66613 -0.326386 -0.751319 0.167808
state53:  -0.0464706 0.074506 0.765501 0.0288372 0.373909 -0.320113 0.869993 -1.01679 1.41746 0.600106 1.47052 0.0544189 0.812465 0.257418 -0.732941 0.292384 -0.147935 -0.729737 -0.356905 -0.808499 0.188573
state54:  -0.0493122 0.0772505 0.772623 0.029786 0.381081 -0.321047 0.866498 -1.05816 1.42135 0.662648 1.4698 0.0390002 0.815766 0.266304 -0.747131 0.317894 -0.149261 -0.794073 -0.387207 -0.866374 0.206488
state55:  -0.0521539 0.079995 0.779745 -0.0307328 -0.388228 0.32196 -0.862946 -1.09953 1.42523 0.72519 1.46907 0.0235814 0.819066 0.275508 -0.761253 0.343383 -0.150827 -0.859189 -0.417256 -0.92482 0.221276
state56:  -0.0521539 0.079995 0.779745 -0.0307328 -0.388228 0.32196 -0.862946 -1.09953 1.42523 0.72519 1.46907 0.0235814 0.819066 0.275508 -0.761253 0.343383 -0.150827 -0.859189 -0.417256 -0.92482 0.221276
state57:  -0.0486094 0.0870921 0.78413 -0.0248608 -0.397825 0.323307 -0.858248 -1.11145 1.39855 0.675803 1.46618 -0.0205085 0.84534 0.30471 -0.773916 0.345098 -0.160379 -0.817947 -0.417865 -0.860754 0.240642
state58:  -0.0450649 0.0941892 0.788515 -0.018985 -0.407363 0.324605 -0.853421 -1.12338 1.37187 0.626416 1.4633 -0.0645984 0.871613 0.334635 -0.786138 0.347427 -0.169895 -0.77664 -0.418759 -0.795605 0.258884
state59:  -0.0415204 0.101286 0.7929 -0.0131064 -0.41684 0.325854 -0.848465 -1.1353 1.34519 0.577029 1.46041 -0.108688 0.897886 0.365291 -0.797897 0.350362 -0.179347 -0.735249 -0.419922 -0.729357 0.275643
state60:  -0.0379759 0.108383 0.797285 -0.00722577 -0.426253 0.327054 -0.843381 -1.14722 1.31851 0.527642 1.45752 -0.152778 0.92416 0.396683 -0.80917 0.353895 -0.188713 -0.69375 -0.421334 -0.662035 0.290565
state61:  -0.0344314 0.115481 0.80167 -0.00134408 -0.435603 0.328204 -0.838171 -1.15914 1.29183 0.478256 1.45463 -0.196868 0.950433 0.428811 -0.819935 0.358013 -0.197967 -0.652127 -0.422977 -0.593704 0.303304
state62:  -0.0308869 0.122578 0.806055 0.00453782 -0.444887 0.329306 -0.832834 -1.17107 1.26515 0.428869 1.45174 -0.240958 0.976707 0.461674 -0.830169 0.362707 -0.207088 -0.610361 -0.424831 -0.524482 0.313529
state63:  -0.0273424 0.129675 0.810441 0.010419 -0.454104 0.330357 -0.827372 -1.18299 1.23846 0.379482 1.44886 -0.285048 1.00298 0.495264 -0.839849 0.367964 -0.216052 -0.568436 -0.426878 -0.454539 0.320928
state64:  -0.0237979 0.136772 0.814826 0.0162987 -0.463253 0.331359 -0.821786 -1.19491 1.21178 0.330095 1.44597 -0.329138 1.02925 0.529567 -0.848952 0.37377 -0.224839 -0.526339 -0.429099 -0.384098 0.325217
state65:  -0.0202534 0.143869 0.819211 0.0221759 -0.472332 0.332312 -0.816076 -1.20683 1.1851 0.280709 1.44308 -0.373228 1.05553 0.564566 -0.857454 0.380113 -0.233429 -0.484056 -0.431475 -0.313431 0.326151
state66:  -0.0167089 0.150966 0.823596 0.0280497 -0.48134 0.333214 -0.810243 -1.21876 1.15842 0.231322 1.44019 -0.417317 1.0818 0.600236 -0.865334 0.386977 -0.241802 -0.441579 -0.433986 -0.242851 0.323522
state67:  -0.0131644 0.158063 0.827981 0.0339194 -0.490276 0.334066 -0.804288 -1.23068 1.13174 0.181935 1.4373 -0.461407 1.10807 0.636547 -0.872569 0.394346 -0.249939 -0.398898 -0.436615 -0.172702 0.317172
state68:  -0.00961986 0.16516 0.832366 0.0397839 -0.499137 0.334868 -0.798212 -1.2426 1.10506 0.132548 1.43442 -0.505497 1.13435 0.673462 -0.87914 0.402205 -0.257823 -0.356007 -0.439344 -0.103344 0.306992
state69:  -0.00607536 0.172257 0.836751 0.0456424 -0.507924 0.335619 -0.792016 -1.25452 1.07837 0.0831613 1.43153 -0.549587 1.16062 0.710939 -0.885026 0.410537 -0.265439 -0.312901 -0.442155 -0.0351393 0.292928
state70:  -0.00253086 0.179355 0.841136 0.0514941 -0.516634 0.33632 -0.785701 -1.26645 1.05169 0.0337745 1.42864 -0.593677 1.18689 0.748928 -0.890209 0.419322 -0.27277 -0.269577 -0.445034 0.0315652 0.274976
state71:  0.00101364 0.186452 0.845521 0.057338 -0.525267 0.33697 -0.779268 -1.27837 1.02501 -0.0156123 1.42575 -0.637767 1.21317 0.787373 -0.894673 0.428544 -0.279803 -0.226036 -0.447964 0.0964486 0.253183
state72:  0.00455814 0.193549 0.849906 0.0631733 -0.53382 0.33757 -0.772717 -1.29029 0.998329 -0.0649991 1.42286 -0.681857 1.23944 0.826215 -0.898403 0.438182 -0.286524 -0.182278 -0.450931 0.159228 0.22764
state73:  0.00810265 0.200646 0.854292 0.0689991 -0.542293 0.338119 -0.76605 -1.30221 0.971648 -0.114386 1.41998 -0.725947 1.26571 0.865386 -0.901387 0.448217 -0.29292 -0.138306 -0.453923 0.219663 0.198477
state74:  0.0116471 0.207743 0.858677 0.0748145 -0.550685 0.338616 -0.759268 -1.31414 0.944966 -0.163773 1.41709 -0.770037 1.29199 0.904817 -0.903614 0.458627 -0.298982 -0.094126 -0.456927 0.277563 0.165856
state75:  0.0151917 0.21484 0.863062 0.0806187 -0.558994 0.339063 -0.752371 -1.32606 0.918285 -0.213159 1.4142 -0.814126 1.31826 0.944433 -0.905076 0.469393 -0.3047 -0.0497438 -0.459934 0.332782 0.129967
state76:  0.0187362 0.221937 0.867447 0.0864107 -0.567218 0.339459 -0.745362 -1.33798 0.891603 -0.262546 1.41131 -0.858216 1.34453 0.984159 -0.905769 0.480492 -0.310063 -0.00516812 -0.462935 0.385219 0.0910147
state77:  0.0222807 0.229034 0.871832 0.0921897 -0.575357 0.339804 -0.73824 -1.3499 0.864921 -0.311933 1.40842 -0.902306 1.37081 1.02392 -0.905689 0.491903 -0.315066 0.0395912 -0.465923 0.434808 0.0492196
state78:  0.0258252 0.236132 0.876217 0.0979548 -0.58341 0.340098 -0.731007 -1.36183 0.83824 -0.36132 1.40554 -0.946396 1.39708 1.06363 -0.904838 0.503602 -0.319701 0.0845229 -0.468893 0.481517 0.00480889
state79:  0.0293697 0.243229 0.880602 0.103705 -0.591375 0.34034 -0.723664 -1.37375 0.811558 -0.410707 1.40265 -0.990486 1.42335 1.10321 -0.903218 0.515568 -0.323963 0.129614 -0.47184 0.525333 -0.0419863
state80:  0.0329142 0.250326 0.884987 0.10944 -0.59925 0.340532 -0.716212 -1.38567 0.784877 -0.460093 1.39976 -1.03458 1.44963 1.14259 -0.900835 0.527778 -0.327848 0.174851 -0.474762 0.566261 -0.0909344
state81:  0.0364587 0.257423 0.889372 0.115158 -0.607036 0.340672 -0.708653 -1.39759 0.758195 -0.50948 1.39687 -1.07867 1.4759 1.1817 -0.897697 0.540208 -0.331352 0.220218 -0.477661 0.604311 -0.141805
state82:  0.0364587 0.257423 0.889372 0.115158 -0.607036 0.340672 -0.708653 -1.39759 0.758195 -0.50948 1.39687 -1.07867 1.4759 1.1817 -0.897697 0.540208 -0.331352 0.220218 -0.477661 0.604311 -0.141805
state83:  0.0281415 0.271408 0.895981 0.11955 -0.601923 0.354044 -0.705726 -1.36358 0.768172 -0.503213 1.38585 -1.04399 1.44083 1.17759 -0.870939 0.546591 -0.360643 0.186759 -0.482514 0.568698 -0.0959572
state84:  0.0198244 0.285394 0.90259 0.123913 -0.59667 0.367334 -0.702634 -1.32957 0.778148 -0.496946 1.37483 -1.00931 1.40575 1.17315 -0.844211 0.55328 -0.38893 0.15442 -0.487879 0.530109 -0.0536647
state85:  0.0115073 0.299379 0.909199 0.128248 -0.591279 0.380539 -0.69938 -1.29555 0.788125 -0.490679 1.36381 -0.974634 1.37068 1.1684 -0.817517 0.560277 -0.41618 0.123233 -0.493749 0.488711 -0.015228
state86:  0.00319014 0.313365 0.915807 0.132553 -0.585749 0.393655 -0.695962 -1.26154 0.798101 -0.484412 1.3528 -0.939957 1.33561 1.16337 -0.79086 0.567581 -0.442363 0.093228 -0.500117 0.444709 0.0190639
state87:  -0.00512699 0.32735 0.922416 0.136827 -0.580083 0.40668 -0.692382 -1.22753 0.808078 -0.478144 1.34178 -0.90528 1.30053 1.15807 -0.764242 0.575182 -0.467449 0.0644394 -0.506965 0.398359 0.0489417
state88:  -0.0134441 0.341336 0.929025 0.141069 -0.574283 0.41961 -0.688641 -1.19351 0.818055 -0.471877 1.33076 -0.870603 1.26546 1.15251 -0.737665 0.583064 -0.491409 0.0368997 -0.514271 0.34997 0.0741645
state89:  -0.0217612 0.355321 0.935634 0.145278 -0.568348 0.432442 -0.68474 -1.1595 0.828031 -0.46561 1.31974 -0.835926 1.23038 1.14671 -0.711133 0.591205 -0.514217 0.010642 -0.52201 0.299907 0.0945295
state90:  -0.0300784 0.369306 0.942243 0.149453 -0.562281 0.445173 -0.68068 -1.12549 0.838008 -0.459343 1.30872 -0.801249 1.19531 1.14068 -0.684649 0.599575 -0.53585 -0.0143004 -0.530147 0.248589 0.109882
state91:  -0.0383955 0.383292 0.948851 0.153594 -0.556083 0.457801 -0.67646 -1.09147 0.847985 -0.453076 1.2977 -0.766572 1.16024 1.13442 -0.658215 0.608133 -0.556285 -0.0378946 -0.538645 0.196477 0.120122
state92:  -0.0467126 0.397277 0.95546 0.157699 -0.549756 0.470322 -0.672084 -1.05746 0.857961 -0.446808 1.28668 -0.731895 1.12516 1.12793 -0.631834 0.616833 -0.575504 -0.0601084 -0.547461 0.144063 0.125212
state93:  -0.0550298 0.411263 0.962069 0.161767 -0.543301 0.482734 -0.667551 -1.02345 0.867938 -0.440541 1.27566 -0.697218 1.09009 1.12123 -0.605509 0.625619 -0.593494 -0.0809104 -0.556547 0.0918498 0.125182
state94:  -0.0633469 0.425248 0.968678 0.165798 -0.536719 0.495033 -0.662862 -0.989435 0.877915 -0.434274 1.26464 -0.66254 1.05502 1.11432 -0.579243 0.634426 -0.610242 -0.100271 -0.56585 0.0403367 0.120125
state95:  -0.071664 0.439234 0.975286 0.169789 -0.530012 0.507217 -0.658019 -0.955422 0.887891 -0.428007 1.25363 -0.627863 1.01994 1.10719 -0.55304 0.643182 -0.625743 -0.118162 -0.575312 -0.0100032 0.110196
state96:  -0.0799812 0.453219 0.981895 0.173742 -0.523182 0.519283 -0.653023 -0.921409 0.897868 -0.42174 1.24261 -0.593186 0.984868 1.09985 -0.526902 0.651807 -0.639995 -0.134557 -0.584872 -0.0587372 0.0956093
state97:  -0.0882983 0.467204 0.988504 0.177654 -0.51623 0.531228 -0.647875 -0.887396 0.907844 -0.415472 1.23159 -0.558509 0.949794 1.0923 -0.500833 0.660214 -0.653001 -0.149436 -0.594464 -0.105485 0.0766237
state98:  -0.0966154 0.48119 0.995113 0.181524 -0.509158 0.543049 -0.642576 -0.853383 0.917821 -0.409205 1.22057 -0.523832 0.91472 1.08455 -0.474836 0.66831 -0.664769 -0.162778 -0.604018 -0.149925 0.0535372
state99:  -0.104933 0.495175 1.00172 0.185353 -0.501967 0.554744 -0.637128 -0.819369 0.927798 -0.402938 1.20955 -0.489155 0.879646 1.07658 -0.448915 0.675999 -0.675312 -0.174571 -0.61346 -0.191797 0.0266751
state100:  -0.11325 0.509161 1.00833 0.189138 -0.49466 0.56631 -0.631531 -0.785356 0.937774 -0.396671 1.19853 -0.454478 0.844572 1.06839 -0.423074 0.683179 -0.684649 -0.184806 -0.622714 -0.230903 -0.00362
state101:  -0.121567 0.523146 1.01494 0.192879 -0.487237 0.577744 -0.625787 -0.751343 0.947751 -0.390404 1.18751 -0.419801 0.809499 1.05999 -0.397316 0.689749 -0.692802 -0.193482 -0.6317 -0.267093 -0.0369965
state102:  -0.129884 0.537132 1.02155 0.196575 -0.479701 0.589043 -0.619898 -0.71733 0.957728 -0.384136 1.17649 -0.385124 0.774425 1.05138 -0.371645 0.695609 -0.699799 -0.200606 -0.640338 -0.300268 -0.0731019
state103:  -0.138201 0.551117 1.02816 0.200225 -0.472053 0.600206 -0.613864 -0.683317 0.967704 -0.377869 1.16547 -0.350446 0.739351 1.04253 -0.346066 0.700658 -0.705673 -0.206193 -0.648542 -0.330362 -0.111588
state104:  -0.146518 0.565102 1.03477 -0.203829 0.464295 -0.611228 0.607687 -0.649304 0.977681 -0.371602 1.15445 -0.315769 0.704277 1.03347 -0.320583 0.7048 -0.710459 -0.210268 -0.65623 -0.357338 -0.152116
state105:  -0.146518 0.565102 1.03477 -0.203829 0.464295 -0.611228 0.607687 -0.649304 0.977681 -0.371602 1.15445 -0.315769 0.704277 1.03347 -0.320583 0.7048 -0.710459 -0.210268 -0.65623 -0.357338 -0.152116
state106:  -0.148914 0.564142 1.04032 -0.191601 0.45942 -0.619544 0.606949 -0.647436 0.98374 -0.32593 1.14484 -0.307674 0.683469 1.00925 -0.326024 0.683226 -0.695244 -0.228215 -0.660371 -0.373942 -0.160507
state107:  -0.151311 0.563181 1.04588 -0.179327 0.454433 -0.627709 0.606064 -0.645568 0.989799 -0.280259 1.13523 -0.299579 0.66266 0.985066 -0.331753 0.661757 -0.679992 -0.246871 -0.664375 -0.390808 -0.16925
state108:  -0.153707 0.56222 1.05144 -0.167009 0.449336 -0.635721 0.605032 -0.6437 0.995858 -0.234587 1.12562 -0.291485 0.641852 0.960909 -0.337769 0.640388 -0.664704 -0.266272 -0.668267 -0.407983 -0.178371
state109:  -0.156103 0.561259 1.05699 -0.15465 0.444129 -0.643579 0.603853 -0.641832 1.00192 -0.188915 1.11601 -0.28339 0.621044 0.936781 -0.344066 0.619115 -0.649379 -0.286453 -0.672071 -0.425514 -0.187901
state110:  -0.158499 0.560298 1.06255 -0.142254 0.438814 -0.651281 0.602527 -0.639964 1.00798 -0.143244 1.1064 -0.275295 0.600235 0.91268 -0.350641 0.597934 -0.634021 -0.307443 -0.675808 -0.443441 -0.197873
state111:  -0.160895 0.559337 1.06811 -0.129823 0.433393 -0.658825 0.601054 -0.638096 1.01404 -0.097572 1.09679 -0.2672 0.579427 0.888607 -0.35749 0.576839 -0.618628 -0.329269 -0.679498 -0.4618 -0.208322
state112:  -0.163291 0.558376 1.07367 -0.117361 0.427867 -0.666208 0.599436 -0.636228 1.02009 -0.0519003 1.08718 -0.259105 0.558619 0.864561 -0.364609 0.555827 -0.603203 -0.351956 -0.683158 -0.480625 -0.219284
state113:  -0.165688 0.557415 1.07922 -0.10487 0.422236 -0.673429 0.597672 -0.634361 1.02615 -0.00622862 1.07756 -0.25101 0.53781 0.840539 -0.371992 0.534893 -0.587748 -0.375523 -0.686801 -0.499943 -0.230795
state114:  -0.168084 0.556454 1.08478 -0.092354 0.416503 -0.680487 0.595763 -0.632493 1.03221 0.0394431 1.06795 -0.242915 0.517002 0.816541 -0.379636 0.514034 -0.572262 -0.399989 -0.690437 -0.519778 -0.24289
state115:  -0.17048 0.555493 1.09034 -0.0798153 0.410669 -0.68738 0.593708 -0.630625 1.03827 0.0851147 1.05834 -0.23482 0.496194 0.792565 -0.387536 0.493245 -0.556748 -0.425368 -0.694072 -0.540152 -0.255601
state116:  -0.172876 0.554532 1.0959 -0.0672571 0.404735 -0.694105 0.59151 -0.628757 1.04433 0.130786 1.04873 -0.226725 0.475385 0.768609 -0.395687 0.472522 -0.541208 -0.451675 -0.697711 -0.561083 -0.268957
state117:  -0.175272 0.553571 1.10145 -0.0546827 0.398703 -0.700662 0.589168 -0.626889 1.05039 0.176458 1.03912 -0.21863 0.454577 0.744669 -0.404085 0.451861 -0.525643 -0.478918 -0.701351 -0.582587 -0.282981
state118:  -0.177669 0.55261 1.10701 -0.0420949 0.392573 -0.707049 0.586683 -0.625021 1.05645 0.22213 1.02951 -0.210535 0.433768 0.720744 -0.412723 0.431258 -0.510056 -0.507106 -0.704987 -0.60468 -0.297695
state119:  -0.180065 0.551649 1.11257 -0.029497 0.386349 -0.713263 0.584055 -0.623153 1.06251 0.267801 1.0199 -0.20244 0.41296 0.69683 -0.421598 0.410708 -0.494447 -0.536243 -0.708609 -0.627375 -0.313111
state120:  -0.182461 0.550688 1.11813 -0.0168918 0.38003 -0.719305 0.581285 -0.621285 1.06857 0.313473 1.01028 -0.194345 0.392152 0.672924 -0.430704 0.390209 -0.47882 -0.566332 -0.712203 -0.650687 -0.329238
state121:  -0.184857 0.549727 1.12368 -0.0042826 0.373619 -0.725171 0.578374 -0.619417 1.07463 0.359145 1.00067 -0.18625 0.371343 0.649023 -0.440036 0.369756 -0.463176 -0.597373 -0.71575 -0.674633 -0.346075
state122:  -0.187253 0.548766 1.12924 0.00832768 0.367118 -0.730862 0.575323 -0.61755 1.08068 0.404817 0.991062 -0.178155 0.350535 0.625121 -0.449589 0.349344 -0.447518 -0.629361 -0.719227 -0.69923 -0.363615
state123:  -0.189649 0.547805 1.1348 0.0209359 0.360527 -0.736375 0.572131 -0.615682 1.08674 0.450488 0.98145 -0.17006 0.329727 0.601215 -0.459356 0.32897 -0.431849 -0.662291 -0.722607 -0.7245 -0.381843
state124:  -0.192046 0.546844 1.14035 0.0335391 0.353848 -0.741709 0.568801 -0.613814 1.0928 0.49616 0.971839 -0.161966 0.308918 0.5773 -0.469333 0.308629 -0.416171 -0.696151 -0.725857 -0.750467 -0.400734
state125:  -0.194442 0.545883 1.14591 0.0461341 0.347084 -0.746862 0.565333 -0.611946 1.09886 0.541832 0.962228 -0.153871 0.28811 0.553371 -0.479513 0.288317 -0.400487 -0.730928 -0.728942 -0.77716 -0.420258
state126:  -0.196838 0.544923 1.15147 0.058718 0.340235 -0.751835 0.561727 -0.610078 1.10492 0.587503 0.952616 -0.145776 0.267302 0.529422 -0.489892 0.268031 -0.384799 -0.766601 -0.731822 -0.804614 -0.440371
state127:  -0.199234 0.543962 1.15703 0.0712875 0.333304 -0.756624 0.557984 -0.60821 1.11098 0.633175 0.943005 -0.137681 0.246493 0.505447 -0.500463 0.247764 -0.369113 -0.803146 -0.734453 -0.832869 -0.461022
state128:  -0.20163 0.543001 1.16258 0.0838397 0.326291 -0.76123 0.554106 -0.606342 1.11704 0.678847 0.933394 -0.129586 0.225685 0.48144 -0.511221 0.227515 -0.353429 -0.840533 -0.736788 -0.861971 -0.482153
state129:  -0.204026 0.54204 1.16814 0.0963716 0.319199 -0.765651 0.550094 -0.604474 1.1231 0.724518 0.923782 -0.121491 0.204877 0.457394 -0.52216 0.207277 -0.337753 -0.878724 -0.738779 -0.891974 -0.503692
state130:  -0.206423 0.541079 1.1737 0.10888 0.31203 -0.769885 0.545948 -0.602606 1.12916 0.77019 0.914171 -0.113396 0.184068 0.433301 -0.533273 0.187046 -0.322087 -0.917678 -0.740372 -0.922936 -0.525561
state131:  -0.208819 0.540118 1.17926 0.121362 0.304785 -0.773933 0.541669 -0.600738 1.13522 0.815862 0.90456 -0.105301 0.16326 0.409155 -0.544555 0.166818 -0.306435 -0.957341 -0.741515 -0.954921 -0.547669
state132:  -0.211215 0.539157 1.18481 0.133814 0.297466 -0.777793 0.537258 -0.598871 1.14127 0.861533 0.894948 -0.097206 0.142451 0.384946 -0.555999 0.146587 -0.290801 -0.997656 -0.742153 -0.988001 -0.569917
state133:  -0.213611 0.538196 1.19037 0.146234 0.290075 -0.781463 0.532717 -0.597003 1.14733 0.907205 0.885337 -0.089111 0.121643 0.360667 -0.567599 0.126351 -0.27519 -1.03855 -0.74223 -1.02225 -0.592197
state134:  -0.216007 0.537235 1.19593 0.158619 0.282613 -0.784944 0.528047 -0.595135 1.15339 0.952877 0.875725 -0.0810161 0.100835 0.336308 -0.579349 0.106102 -0.259606 -1.07996 -0.741693 -1.05775 -0.614388
state135:  -0.218404 0.536274 1.20149 0.170965 0.275082 -0.788234 0.523248 -0.593267 1.15945 0.998548 0.866114 -0.0729212 0.0800264 0.311859 -0.591242 0.0858376 -0.244052 -1.1218 -0.740487 -1.09456 -0.636362
state136:  -0.2208 0.535313 1.20704 0.183269 0.267485 -0.791332 0.518322 -0.591399 1.16551 1.04422 0.856503 -0.0648262 0.0592181 0.28731 -0.603272 0.0655516 -0.228535 -1.16396 -0.738561 -1.13278 -0.657981
state137:  -0.223196 0.534352 1.2126 0.195529 0.259822 -0.794239 0.51327 -0.589531 1.17157 1.08989 0.846891 -0.0567313 0.0384097 0.262651 -0.615432 0.0452393 -0.213058 -1.20637 -0.735865 -1.17246 -0.679097
state138:  -0.225592 0.533391 1.21816 0.207741 0.252097 -0.796952 0.508093 -0.587663 1.17763 1.13556 0.83728 -0.0486363 0.0176014 0.237869 -0.627715 0.0248956 -0.197627 -1.2489 -0.732355 -1.21367 -0.699556
state139:  -0.227988 0.53243 1.22371 0.219903 0.24431 -0.799471 0.502793 -0.585795 1.18369 1.18124 0.827669 -0.0405414 -0.003207 0.212953 -0.640114 0.00451537 -0.182248 -1.29146 -0.72799 -1.25644 -0.719195
state140:  -0.230384 0.531469 1.22927 0.232012 0.236464 -0.801797 0.497371 -0.583927 1.18975 1.22691 0.818057 -0.0324465 -0.0240154 0.187889 -0.652623 -0.0159066 -0.166924 -1.33392 -0.722732 -1.30079 -0.737847
state141:  -0.232781 0.530508 1.23483 0.244064 0.22856 -0.803927 0.491828 -0.582059 1.19581 1.27258 0.808446 -0.0243515 -0.0448237 0.162665 -0.665234 -0.0363757 -0.151663 -1.37617 -0.716552 -1.3467 -0.755342
state142:  -0.235177 0.529547 1.24039 0.256056 0.220601 -0.805862 0.486165 -0.580192 1.20186 1.31825 0.798835 -0.0162566 -0.0656321 0.137266 -0.677939 -0.056897 -0.13647 -1.41809 -0.709424 -1.39413 -0.771511
state143:  -0.237573 0.528586 1.24594 0.267987 0.212588 -0.807601 0.480385 -0.578324 1.20792 1.36392 0.789223 -0.00816163 -0.0864404 0.111677 -0.690732 -0.0774762 -0.121352 -1.45956 -0.701332 -1.44297 -0.786187
state144:  -0.239969 0.527625 1.2515 0.279852 0.204524 -0.809144 0.474487 -0.576456 1.21398 1.40959 0.779612 -6.66942e-05 -0.107249 0.0858821 -0.703603 -0.0981185 -0.106313 -1.50047 -0.692262 -1.49308 -0.799213
state145:  -0.242365 0.526664 1.25706 0.29165 0.19641 -0.810491 0.468474 -0.574588 1.22004 1.45527 0.770001 0.00802825 -0.128057 0.0598647 -0.716547 -0.118829 -0.0913624 -1.5407 -0.68221 -1.54425 -0.810443
state146:  -0.244761 0.525704 1.26262 0.303376 0.188248 -0.81164 0.462348 -0.57272 1.2261 1.50094 0.760389 0.0161232 -0.148865 0.0336071 -0.729553 -0.139614 -0.0765053 -1.58015 -0.671179 -1.59622 -0.819748
state147:  -0.247158 0.524743 1.26817 -0.315029 -0.18004 0.812593 -0.456109 -0.570852 1.23216 1.54661 0.750778 0.0242181 -0.169674 0.0070908 -0.742615 -0.160479 -0.0617492 -1.61871 -0.659176 -1.64869 -0.827026
state148:  -0.247158 0.524743 1.26817 -0.315029 -0.18004 0.812593 -0.456109 -0.570852 1.23216 1.54661 0.750778 0.0242181 -0.169674 0.0070908 -0.742615 -0.160479 -0.0617492 -1.61871 -0.659176 -1.64869 -0.827026
state149:  -0.247855 0.525418 1.27065 -0.322407 -0.176337 0.817129 -0.444139 -0.589267 1.22916 1.51128 0.767354 0.073509 -0.171452 0.00245734 -0.752591 -0.153446 -0.0561954 -1.5675 -0.650237 -1.63214 -0.819604
state150:  -0.248552 0.526093 1.27313 -0.32971 -0.172593 0.821476 -0.432066 -0.607681 1.22616 1.47595 0.783931 0.1228 -0.173229 -0.00186782 -0.762652 -0.146444 -0.050899 -1.51726 -0.63979 -1.61527 -0.813824
state151:  -0.249249 0.526769 1.27561 -0.336937 -0.168809 0.825631 -0.419892 -0.626096 1.22316 1.44061 0.800507 0.172091 -0.175007 -0.00587409 -0.772789 -0.139462 -0.0458601 -1.46809 -0.627976 -1.59816 -0.809776
state152:  -0.249946 0.527444 1.27808 -0.344086 -0.164986 0.829596 -0.407621 -0.64451 1.22016 1.40528 0.817084 0.221382 -0.176785 -0.0095504 -0.782998 -0.132489 -0.0410785 -1.42004 -0.614937 -1.58092 -0.807543
state153:  -0.250643 0.52812 1.28056 -0.351154 -0.161125 0.833368 -0.395256 -0.662924 1.21717 1.36995 0.83366 0.270672 -0.178562 -0.0128851 -0.793272 -0.125513 -0.0365534 -1.37314 -0.600818 -1.56366 -0.8072
state154:  -0.25134 0.528795 1.28304 -0.358141 -0.157226 0.836946 -0.382799 -0.681339 1.21417 1.33462 0.850237 0.319963 -0.18034 -0.0158662 -0.803604 -0.118522 -0.032284 -1.32738 -0.58576 -1.54651 -0.808812
state155:  -0.252038 0.52947 1.28552 -0.365046 -0.153291 0.840331 -0.370253 -0.699753 1.21117 1.29929 0.866813 0.369254 -0.182118 -0.0184807 -0.813988 -0.111506 -0.0282687 -1.28275 -0.569899 -1.5296 -0.812433
state156:  -0.252735 0.530146 1.288 -0.371865 -0.14932 0.84352 -0.357621 -0.718168 1.20817 1.26396 0.88339 0.418545 -0.183896 -0.0207155 -0.824417 -0.104452 -0.0245056 -1.23922 -0.55337 -1.51307 -0.81811
state157:  -0.253432 0.530821 1.29047 -0.378598 -0.145315 0.846514 -0.344907 -0.736582 1.20517 1.22863 0.899966 0.467836 -0.185673 -0.0225564 -0.834883 -0.0973504 -0.0209924 -1.19674 -0.5363 -1.49708 -0.825875
state158:  -0.254129 0.531497 1.29295 -0.385244 -0.141276 0.849312 -0.332112 -0.754997 1.20217 1.1933 0.916543 0.517127 -0.187451 -0.0239889 -0.845379 -0.0901886 -0.0177265 -1.15525 -0.518812 -1.48183 -0.835752
state159:  -0.254826 0.532172 1.29543 -0.3918 -0.137204 0.851912 -0.31924 -0.773411 1.19917 1.15796 0.933119 0.566417 -0.189229 -0.0249977 -0.855898 -0.0829558 -0.0147048 -1.1147 -0.501024 -1.46749 -0.84775
state160:  -0.255523 0.532847 1.29791 -0.398265 -0.1331 0.854315 -0.306294 -0.791826 1.19617 1.12263 0.949696 0.615708 -0.191006 -0.0255665 -0.866431 -0.0756413 -0.0119238 -1.07501 -0.483047 -1.45429 -0.861868
state161:  -0.25622 0.533523 1.30039 -0.404637 -0.128965 0.856519 -0.293277 -0.81024 1.19318 1.0873 0.966272 0.664999 -0.192784 -0.0256787 -0.87697 -0.068234 -0.00937958 -1.03611 -0.464988 -1.44248 -0.878088
state162:  -0.256917 0.534198 1.30286 -0.410916 -0.124801 0.858525 -0.280192 -0.828655 1.19018 1.05197 0.982849 0.71429 -0.194562 -0.0253167 -0.887507 -0.0607233 -0.00706801 -0.997933 -0.446945 -1.43234 -0.896382
state163:  -0.257615 0.534874 1.30534 -0.4171 -0.120607 0.860331 -0.267042 -0.847069 1.18718 1.01664 0.999425 0.763581 -0.196339 -0.0244621 -0.898033 -0.0530988 -0.00498447 -0.960409 -0.429016 -1.4242 -0.916702
state164:  -0.258312 0.535549 1.30782 -0.423186 -0.116386 0.861938 -0.253831 -0.865484 1.18418 0.981307 1.016 0.812872 -0.198117 -0.0230957 -0.908538 -0.0453502 -0.00312401 -0.923469 -0.411289 -1.41846 -0.938987
state165:  -0.259009 0.536224 1.3103 -0.429175 -0.112137 0.863345 -0.24056 -0.883898 1.18118 0.945976 1.03258 0.862163 -0.199895 -0.0211978 -0.919014 -0.0374675 -0.00148135 -0.887048 -0.393852 -1.41556 -0.963154
state166:  -0.259706 0.5369 1.31278 -0.435064 -0.107863 0.864552 -0.227233 -0.902313 1.17818 0.910645 1.04915 0.911453 -0.201673 -0.0187476 -0.92945 -0.0294407 -5.08903e-05 -0.851082 -0.376786 -1.41608 -0.989097
state167:  -0.260403 0.537575 1.31525 -0.440852 -0.103563 0.865558 -0.213854 -0.920727 1.17518 0.875314 1.06573 0.960744 -0.20345 -0.0157236 -0.939835 -0.0212605 0.00117328 -0.815513 -0.360168 -1.42073 -1.01668
state168:  -0.260403 0.537575 1.31525 -0.440852 -0.103563 0.865558 -0.213854 -0.920727 1.17518 0.875314 1.06573 0.960744 -0.20345 -0.0157236 -0.939835 -0.0212605 0.00117328 -0.815513 -0.360168 -1.42073 -1.01668
state169:  -0.271492 0.552598 1.30916 -0.437445 -0.092424 0.867857 -0.216617 -0.865979 1.17768 0.846201 1.07907 0.979488 -0.243441 -0.0484366 -0.926165 -0.0672538 0.00362804 -0.803233 -0.296688 -1.31913 -1.03349
state170:  -0.282581 0.567621 1.30307 -0.433974 -0.0812708 0.870028 -0.219348 -0.811231 1.18018 0.817088 1.0924 0.998232 -0.283431 -0.0800852 -0.912101 -0.113318 0.00639489 -0.790264 -0.233225 -1.20971 -1.04716
state171:  -0.29367 0.582645 1.29698 -0.430437 -0.0701056 0.872069 -0.222046 -0.756483 1.18268 0.787976 1.10574 1.01698 -0.323421 -0.110711 -0.897668 -0.159425 0.00951253 -0.776587 -0.169813 -1.09315 -1.05676
state172:  -0.304759 0.597668 1.29088 -0.426837 -0.0589299 0.873981 -0.224712 -0.701734 1.18518 0.758863 1.11907 1.03572 -0.363412 -0.140358 -0.882893 -0.205545 0.0130185 -0.762171 -0.106483 -0.970926 -1.06135
state173:  -0.315848 0.612691 1.28479 -0.423174 -0.0477455 0.875762 -0.227344 -0.646986 1.18768 0.729751 1.13241 1.05446 -0.403402 -0.169069 -0.867799 -0.251647 0.0169488 -0.746975 -0.0432727 -0.845301 -1.06014
state174:  -0.326937 0.627714 1.2787 -0.419447 -0.036554 0.877414 -0.229942 -0.592238 1.19018 0.700638 1.14574 1.07321 -0.443393 -0.196889 -0.852408 -0.297701 0.021338 -0.730949 0.0197835 -0.719174 -1.05254
state175:  -0.338026 0.642737 1.27261 -0.415658 -0.025357 0.878935 -0.232506 -0.53749 1.19268 0.671525 1.15908 1.09195 -0.483383 -0.223861 -0.836741 -0.343675 0.0262185 -0.714028 0.0826472 -0.595678 -1.03824
state176:  -0.349114 0.65776 1.26652 -0.411808 -0.0141563 0.880325 -0.235036 -0.482742 1.19518 0.642413 1.17241 1.11069 -0.523373 -0.250028 -0.820818 -0.389539 0.0316206 -0.696136 0.145278 -0.477704 -1.01726
state177:  -0.360203 0.672783 1.26042 -0.407896 -0.00295347 0.881585 -0.23753 -0.427994 1.19768 0.6133 1.18575 1.12944 -0.563364 -0.275432 -0.804657 -0.43526 0.0375725 -0.677181 0.207635 -0.36752 -0.989869
state178:  -0.371292 0.687806 1.25433 -0.403923 0.0082498 0.882713 -0.239989 -0.373246 1.20018 0.584188 1.19908 1.14818 -0.603354 -0.300114 -0.788274 -0.480807 0.0440999 -0.657052 0.26967 -0.266581 -0.956543
state179:  -0.382381 0.70283 1.24824 -0.399891 0.0194518 0.883711 -0.242413 -0.318497 1.20268 0.555075 1.21242 1.16692 -0.643345 -0.324113 -0.771687 -0.526147 0.0512257 -0.635617 0.331335 -0.175557 -0.91788
state180:  -0.39347 0.717853 1.24215 -0.395799 0.030651 0.884577 -0.244801 -0.263749 1.20518 0.525962 1.22576 1.18567 -0.683335 -0.347467 -0.754909 -0.571247 0.0589701 -0.61272 0.392577 -0.0944902 -0.87452
state181:  -0.404559 0.732876 1.23606 -0.391648 0.0418456 0.885312 -0.247152 -0.209001 1.20768 0.49685 1.23909 1.20441 -0.723325 -0.370212 -0.737956 -0.616077 0.0673508 -0.588172 0.453334 -0.0230018 -0.8271
state182:  -0.415648 0.747899 1.22996 -0.38744 0.053034 0.885915 -0.249466 -0.154253 1.21018 0.467737 1.25243 1.22316 -0.763316 -0.392385 -0.72084 -0.660603 0.0763821 -0.561745 0.513541 0.0395241 -0.776216
state183:  -0.426737 0.762922 1.22387 -0.383173 0.0642144 0.886386 -0.251744 -0.0995048 1.21268 0.438625 1.26576 1.2419 -0.803306 -0.414017 -0.703574 -0.704794 0.0860756 -0.533165 0.573121 0.0938001 -0.722417
state184:  -0.437826 0.777945 1.21778 -0.37885 0.0753854 0.886726 -0.253984 -0.0447566 1.21518 0.409512 1.2791 1.26064 -0.843297 -0.435141 -0.686169 -0.74862 0.0964401 -0.502099 0.631988 0.140544 -0.666199
state185:  -0.448915 0.792968 1.21169 -0.37447 0.0865451 0.886934 -0.256186 0.00999154 1.21768 0.380399 1.29243 1.27939 -0.883287 -0.455788 -0.668636 -0.792048 0.107481 -0.468136 0.690039 0.180426 -0.608007
state186:  -0.460004 0.807992 1.2056 -0.370034 0.097692 0.88701 -0.25835 0.0647397 1.22018 0.351287 1.30577 1.29813 -0.923277 -0.475986 -0.650986 -0.835051 0.119201 -0.430776 0.747155 0.21404 -0.548246
state187:  -0.471093 0.823015 1.1995 -0.365544 0.108824 0.886954 -0.260476 0.119488 1.22268 0.322174 1.3191 1.31687 -0.963268 -0.495764 -0.633227 -0.877598 0.1316 -0.389395 0.80319 0.241896 -0.487286
state188:  -0.482182 0.838038 1.19341 0.360999 -0.119941 -0.886766 0.262563 0.174236 1.22518 0.293062 1.33244 1.33562 -1.00326 -0.515147 -0.61537 -0.919662 0.144674 -0.343222 0.857966 0.264415 -0.42547
state189:  -0.482182 0.838038 1.19341 0.360999 -0.119941 -0.886766 0.262563 0.174236 1.22518 0.293062 1.33244 1.33562 -1.00326 -0.515147 -0.61537 -0.919662 0.144674 -0.343222 0.857966 0.264415 -0.42547
state190:  -0.482702 0.833952 1.19087 0.362059 -0.113077 -0.883471 0.274964 0.148276 1.2055 0.266009 1.32431 1.30022 -0.949626 -0.510537 -0.615727 -0.896314 0.131325 -0.341074 0.836075 0.22604 -0.434797
state191:  -0.483222 0.829865 1.18833 0.363041 -0.10619 -0.879989 0.287307 0.122315 1.18582 0.238956 1.31618 1.26482 -0.895994 -0.505938 -0.616183 -0.873005 0.118714 -0.336202 0.814362 0.188891 -0.439963
state192:  -0.483742 0.825779 1.18579 0.363945 -0.0992803 -0.876318 0.299589 0.0963548 1.16614 0.211904 1.30805 1.22942 -0.842361 -0.501355 -0.616738 -0.84974 0.106861 -0.328799 0.792938 0.153409 -0.441105
state193:  -0.484262 0.821693 1.18325 0.364773 -0.0923493 -0.872461 0.311807 0.0703944 1.14646 0.184851 1.29992 1.19402 -0.788729 -0.496789 -0.617391 -0.826524 0.0957858 -0.319043 0.771905 0.120009 -0.438397
state194:  -0.484782 0.817606 1.18071 0.365522 -0.0853986 -0.868419 0.323959 0.044434 1.12678 0.157798 1.29179 1.15862 -0.735097 -0.492243 -0.618142 -0.803368 0.0855049 -0.307096 0.751355 0.0890681 -0.432041
state195:  -0.485302 0.81352 1.17817 0.366194 -0.0784297 -0.864192 0.336041 0.0184735 1.1071 0.130746 1.28366 1.12321 -0.681464 -0.48772 -0.618989 -0.780284 0.0760345 -0.293102 0.731376 0.0609177 -0.422264
state196:  -0.485822 0.809434 1.17563 0.366788 -0.0714442 -0.85978 0.348052 -0.00748686 1.08742 0.103693 1.27553 1.08781 -0.627832 -0.483224 -0.619934 -0.757285 0.067389 -0.277196 0.712044 0.0358393 -0.409315
state197:  -0.486342 0.805347 1.17309 0.367304 -0.0644435 -0.855186 0.359989 -0.0334473 1.06774 0.0766402 1.2674 1.05241 -0.5742 -0.478756 -0.620974 -0.734389 0.0595811 -0.259495 0.693434 0.0140632 -0.393456
state198:  -0.486862 0.801261 1.17055 0.367741 -0.057429 -0.850409 0.37185 -0.0594077 1.04805 0.0495875 1.25927 1.01701 -0.520568 -0.474321 -0.62211 -0.711614 0.0526217 -0.240111 0.675612 -0.00422822 -0.374961
state199:  -0.487382 0.797175 1.16801 0.368101 -0.0504023 -0.845452 0.383631 -0.0853681 1.02837 0.0225349 1.25114 0.981612 -0.466935 -0.46992 -0.623341 -0.68898 0.04652 -0.219142 0.65864 -0.0188956 -0.354114
state200:  -0.487902 0.793088 1.16547 0.368382 -0.0433649 -0.840314 0.39533 -0.111329 1.00869 -0.00451783 1.24301 0.946211 -0.413303 -0.465556 -0.624665 -0.666509 0.0412832 -0.19668 0.642576 -0.029836 -0.331204
state201:  -0.488422 0.789002 1.16293 0.368584 -0.0363182 -0.834998 0.406946 -0.137289 0.989012 -0.0315705 1.23488 0.910811 -0.359671 -0.461233 -0.626083 -0.644225 0.0369168 -0.172808 0.627471 -0.0369762 -0.306529
state202:  -0.488942 0.784916 1.16039 0.368708 -0.0292638 -0.829504 0.418475 -0.163249 0.969331 -0.0586232 1.22675 0.87541 -0.306038 -0.456953 -0.627592 -0.622152 0.0334242 -0.147605 0.613374 -0.0402652 -0.280393
state203:  -0.489462 0.780829 1.15785 0.368754 -0.0222032 -0.823833 0.429914 -0.18921 0.94965 -0.0856759 1.21862 0.840009 -0.252406 -0.452719 -0.629193 -0.600317 0.0308068 -0.121141 0.600327 -0.0396687 -0.253108
state204:  -0.489982 0.776743 1.15531 0.368721 -0.0151379 -0.817987 0.441263 -0.21517 0.929969 -0.112729 1.21049 0.804609 -0.198774 -0.448533 -0.630884 -0.578747 0.0290642 -0.0934837 0.588369 -0.0351638 -0.224995
state205:  -0.490502 0.772657 1.15277 0.36861 -0.00806932 -0.811967 0.452517 -0.241131 0.910288 -0.139781 1.20236 0.769208 -0.145141 -0.4444 -0.632663 -0.557469 0.0281939 -0.0646952 0.577535 -0.0267356 -0.196387
state206:  -0.491022 0.76857 1.15023 0.36842 -0.000999041 -0.805774 0.463675 -0.267091 0.890607 -0.166834 1.19423 0.733808 -0.0915092 -0.44032 -0.634531 -0.536511 0.0281915 -0.0348334 0.567854 -0.0143754 -0.167628
state207:  -0.491542 0.764484 1.14769 0.368151 0.00607145 -0.799409 0.474734 -0.293051 0.870926 -0.193887 1.1861 0.698407 -0.0378769 -0.436298 -0.636484 -0.515902 0.0290506 -0.00395282 0.559351 0.00191916 -0.139079
state208:  -0.492062 0.760398 1.14515 0.367805 0.0131407 -0.792875 0.485692 -0.319012 0.851245 -0.220939 1.17797 0.663006 0.0157554 -0.432336 -0.638524 -0.49567 0.030763 0.0278958 0.552048 0.0221429 -0.111116
state209:  -0.492582 0.756311 1.14261 0.36738 0.0202071 -0.786171 0.496547 -0.344972 0.831564 -0.247992 1.16984 0.627606 0.0693877 -0.428437 -0.640647 -0.475844 0.0333186 0.0606651 0.545959 0.0462795 -0.0841301
state210:  -0.493102 0.752225 1.14007 0.366877 0.0272692 -0.7793 0.507296 -0.370933 0.811883 -0.275045 1.16171 0.592205 0.12302 -0.424604 -0.642853 -0.456451 0.0367056 0.0943113 0.541097 0.0742962 -0.0585279
state211:  -0.493622 0.748139 1.13753 0.366295 0.0343255 -0.772264 0.517937 -0.396893 0.792202 -0.302097 1.15358 0.556804 0.176652 -0.420839 -0.645139 -0.43752 0.0409103 0.128794 0.537467 0.106138 -0.0347294
state212:  -0.494142 0.744052 1.13499 0.365636 0.0413744 -0.765062 0.528468 -0.422853 0.772521 -0.32915 1.14545 0.521404 0.230285 -0.417145 -0.647506 -0.419078 0.0459177 0.164076 0.535071 0.141721 -0.0131638
state213:  -0.494662 0.739966 1.13245 0.364899 0.0484146 -0.757698 0.538886 -0.448814 0.75284 -0.356203 1.13732 0.486003 0.283917 -0.413525 -0.64995 -0.401151 0.051711 0.200125 0.533906 0.180924 0.00573574
state214:  -0.495182 0.735879 1.12991 0.364084 0.0554445 -0.750173 0.54919 -0.474774 0.733159 -0.383255 1.12919 0.450603 0.337549 -0.409982 -0.65247 -0.383765 0.0582723 0.236911 0.533962 0.223582 0.0215394
state215:  -0.495702 0.731793 1.12737 0.363192 0.0624626 -0.742488 0.559376 -0.500735 0.713478 -0.410308 1.12107 0.415202 0.391182 -0.406518 -0.655066 -0.366945 0.065582 0.27441 0.535228 0.269482 0.0338299
state216:  -0.496222 0.727707 1.12483 0.362222 0.0694674 -0.734645 0.569444 -0.526695 0.693797 -0.437361 1.11294 0.379801 0.444814 -0.403137 -0.657734 -0.350715 0.0736195 0.312602 0.537684 0.318361 0.0422133
state217:  -0.496742 0.72362 1.12229 0.361176 0.0764573 -0.726645 0.57939 -0.552655 0.674116 -0.464413 1.10481 0.344401 0.498446 -0.39984 -0.660473 -0.335098 0.082363 0.35147 0.541308 0.369907 0.0463306
state218:  -0.497262 0.719534 1.11975 0.360052 0.0834311 -0.718491 0.589213 -0.578616 0.654434 -0.491466 1.09668 0.309 0.552078 -0.396631 -0.663281 -0.320116 0.0917898 0.391005 0.546071 0.423768 0.0458698
state219:  -0.497782 0.715448 1.11721 0.358852 0.090387 -0.710184 0.598911 -0.604576 0.634753 -0.518519 1.08855 0.273599 0.605711 -0.393513 -0.666157 -0.30579 0.101876 0.4312 0.551942 0.479559 0.0405767
state220:  -0.498302 0.711361 1.11467 0.357575 0.0973237 -0.701726 0.608481 -0.630537 0.615072 -0.545572 1.08042 0.238199 0.659343 -0.390487 -0.669098 -0.292142 0.112597 0.472058 0.558882 0.536884 0.0302645
state221:  -0.498822 0.707275 1.11213 -0.356222 -0.10424 0.693118 -0.617921 -0.656497 0.595391 -0.572624 1.07229 0.202798 0.712975 -0.387557 -0.672102 -0.27919 0.123929 0.513584 0.56685 0.595354 0.0148205
state222:  -0.498822 0.707275 1.11213 -0.356222 -0.10424 0.693118 -0.617921 -0.656497 0.595391 -0.572624 1.07229 0.202798 0.712975 -0.387557 -0.672102 -0.27919 0.123929 0.513584 0.56685 0.595354 0.0148205
state223:  -0.492986 0.698471 1.10826 -0.355321 -0.103395 0.685407 -0.627116 -0.671862 0.617221 -0.531744 1.0911 0.19593 0.660596 -0.3964 -0.66462 -0.272058 0.1514 0.514831 0.545065 0.589365 0.028819
state224:  -0.48715 0.689667 1.1044 -0.354368 -0.102536 0.677596 -0.636218 -0.687227 0.63905 -0.490864 1.10991 0.189062 0.608217 -0.40493 -0.656952 -0.26377 0.178699 0.515644 0.52209 0.582518 0.0414551
state225:  -0.481314 0.680863 1.10054 -0.353363 -0.101661 0.669686 -0.645229 -0.702593 0.660879 -0.449984 1.12871 0.182193 0.555837 -0.413145 -0.649105 -0.254307 0.205782 0.515891 0.497926 0.574832 0.0527006
state226:  -0.475478 0.672058 1.09667 -0.352307 -0.100772 0.661679 -0.654145 -0.717958 0.682708 -0.409103 1.14752 0.175325 0.503458 -0.421045 -0.641087 -0.243647 0.232607 0.51545 0.472588 0.566329 0.0625275
state227:  -0.469642 0.663254 1.09281 -0.3512 -0.0998678 0.653575 -0.662966 -0.733323 0.704538 -0.368223 1.16633 0.168457 0.451078 -0.428631 -0.632904 -0.231765 0.259127 0.51421 0.446101 0.557037 0.0709076
state228:  -0.463806 0.65445 1.08895 -0.350041 -0.0989493 0.645377 -0.671691 -0.748688 0.726367 -0.327343 1.18514 0.161589 0.398699 -0.435903 -0.624564 -0.218637 0.285296 0.512069 0.418497 0.546992 0.0778129
state229:  -0.45797 0.645646 1.08508 -0.348832 -0.0980164 0.637084 -0.680318 -0.764053 0.748196 -0.286463 1.20395 0.15472 0.34632 -0.442861 -0.616073 -0.204236 0.311066 0.508937 0.38982 0.536238 0.0832158
state230:  -0.452134 0.636842 1.08122 -0.347571 -0.0970692 0.628699 -0.688846 -0.779418 0.770025 -0.245582 1.22276 0.147852 0.29394 -0.449508 -0.60744 -0.188535 0.336386 0.504732 0.36012 0.524826 0.0870892
state231:  -0.446298 0.628038 1.07736 -0.346261 -0.0961079 0.620223 -0.697274 -0.794784 0.791854 -0.204702 1.24157 0.140984 0.241561 -0.455845 -0.59867 -0.171504 0.361204 0.499381 0.329456 0.512818 0.089407
state232:  -0.440462 0.619233 1.07349 -0.344899 -0.0951327 0.611656 -0.7056 -0.810149 0.813684 -0.163822 1.26038 0.134115 0.189181 -0.461873 -0.589771 -0.153117 0.385464 0.492818 0.297891 0.500283 0.0901443
state233:  -0.434626 0.610429 1.06963 -0.343488 -0.0941435 0.603 -0.713824 -0.825514 0.835513 -0.122942 1.27919 0.127247 0.136802 -0.467595 -0.580749 -0.133345 0.40911 0.484986 0.265495 0.487302 0.0892782
state234:  -0.42879 0.601625 1.06576 -0.342027 -0.0931407 0.594256 -0.721943 -0.840879 0.857342 -0.0820614 1.298 0.120379 0.0844227 -0.473013 -0.571611 -0.112163 0.432083 0.475832 0.232343 0.473962 0.0867883
state235:  -0.422954 0.592821 1.0619 -0.340515 -0.0921243 0.585426 -0.729958 -0.856244 0.879171 -0.0411812 1.31681 0.113511 0.0320433 -0.47813 -0.562363 -0.0895489 0.454321 0.465307 0.198513 0.460364 0.0826576
state236:  -0.417118 0.584017 1.05804 -0.338955 -0.0910946 0.576511 -0.737866 -0.871609 0.901001 -0.000300947 1.33562 0.106642 -0.0203361 -0.482948 -0.553013 -0.0654823 0.475761 0.453368 0.16409 0.446616 0.0768727
state237:  -0.411282 0.575212 1.05417 -0.337345 -0.0900515 0.567511 -0.745668 -0.886975 0.92283 0.0405793 1.35443 0.0997741 -0.0727155 -0.487471 -0.543566 -0.0399495 0.496337 0.439974 0.129157 0.432834 0.0694252
state238:  -0.405446 0.566408 1.05031 -0.335686 -0.0889954 0.55843 -0.75336 -0.90234 0.944659 0.0814595 1.37324 0.0929058 -0.125095 -0.491701 -0.534028 -0.0129426 0.515982 0.425085 0.0938048 0.419144 0.0603126
state239:  -0.39961 0.557604 1.04645 -0.333978 -0.0879263 0.549267 -0.760943 -0.917705 0.966488 0.12234 1.39205 0.0860376 -0.177474 -0.495641 -0.524406 0.0155383 0.534628 0.408663 0.0581237 0.405682 0.0495389
state240:  -0.393774 0.5488 1.04258 -0.332221 -0.0868444 0.540023 -0.768415 -0.93307 0.988317 0.16322 1.41086 0.0791693 -0.229854 -0.499295 -0.514707 0.045484 0.552205 0.390671 0.0222072 0.392587 0.0371156
state241:  -0.387938 0.539996 1.03872 -0.330416 -0.0857499 0.530702 -0.775775 -0.948435 1.01015 0.2041 1.42967 0.072301 -0.282233 -0.502666 -0.504935 0.0768741 0.568644 0.371073 -0.0138495 0.380008 0.0230631
state242:  -0.382102 0.531192 1.03486 -0.328563 -0.0846429 0.521303 -0.783023 -0.963801 1.03198 0.24498 1.44848 0.0654327 -0.334612 -0.505757 -0.495097 0.109676 0.583876 0.34983 -0.0499492 0.368101 0.00741115
state243:  -0.376266 0.522387 1.03099 -0.326662 -0.0835236 0.511828 -0.790156 -0.979166 1.05381 0.285861 1.46728 0.0585645 -0.386992 -0.508571 -0.485198 0.143843 0.597832 0.326908 -0.0859937 0.357025 -0.00979955
state244:  -0.37043 0.513583 1.02713 -0.324714 -0.0823921 0.502279 -0.797175 -0.994531 1.07563 0.326741 1.48609 0.0516962 -0.439371 -0.511112 -0.475245 0.179315 0.610447 0.302268 -0.121883 0.346946 -0.0285168
state245:  -0.364594 0.504779 1.02326 -0.322719 -0.0812486 0.492657 -0.804077 -1.0099 1.09746 0.367621 1.5049 0.0448279 -0.491751 -0.513382 -0.465242 0.216015 0.621659 0.275875 -0.157516 0.338034 -0.0486757
state246:  -0.358758 0.495975 1.0194 -0.320676 -0.0800933 0.482963 -0.810863 -1.02526 1.11929 0.408501 1.52371 0.0379597 -0.54413 -0.515386 -0.455196 0.253849 0.631409 0.247694 -0.192792 0.330464 -0.0701974
state247:  -0.352922 0.487171 1.01554 -0.318587 -0.0789264 0.473199 -0.81753 -1.04063 1.14112 0.449382 1.54252 0.0310914 -0.596509 -0.517127 -0.445112 0.292711 0.639645 0.217691 -0.227607 0.324415 -0.0929883
state248:  -0.352922 0.487171 1.01554 -0.318587 -0.0789264 0.473199 -0.81753 -1.04063 1.14112 0.449382 1.54252 0.0310914 -0.596509 -0.517127 -0.445112 0.292711 0.639645 0.217691 -0.227607 0.324415 -0.0929883
state249:  -0.348369 0.482899 1.0133 -0.315508 -0.0750284 0.470012 -0.820922 -0.995638 1.12527 0.440082 1.51565 0.0532686 -0.548979 -0.515566 -0.433193 0.249294 0.632225 0.217808 -0.188736 0.311819 -0.0927572
state250:  -0.343816 0.478628 1.01106 -0.312415 -0.071127 0.466804 -0.824276 -0.95065 1.10942 0.430781 1.48877 0.0754457 -0.501448 -0.513939 -0.421281 0.20662 0.623427 0.215729 -0.150287 0.298014 -0.0931479
state251:  -0.339263 0.474356 1.00883 -0.309307 -0.0672223 0.463575 -0.827592 -0.905662 1.09357 0.421481 1.46189 0.0976229 -0.453917 -0.512246 -0.409379 0.164774 0.61328 0.211476 -0.112368 0.282908 -0.0940824
state252:  -0.33471 0.470085 1.00659 -0.306185 -0.0633145 0.460323 -0.830869 -0.860674 1.07772 0.412181 1.43502 0.1198 -0.406386 -0.510487 -0.397485 0.123832 0.601818 0.205062 -0.0750898 0.266421 -0.0954718
state253:  -0.330156 0.465813 1.00435 -0.303049 -0.0594038 0.457051 -0.834108 -0.815685 1.06187 0.402881 1.40814 0.141977 -0.358855 -0.508664 -0.385601 0.083856 0.589078 0.196495 -0.0385667 0.248479 -0.0972167
state254:  -0.325603 0.461542 1.00212 -0.299899 -0.0554903 0.453757 -0.837309 -0.770697 1.04602 0.393581 1.38126 0.164154 -0.311324 -0.506776 -0.373727 0.0448988 0.575103 0.185776 -0.00291678 0.22902 -0.0992073
state255:  -0.32105 0.45727 0.999879 -0.296735 -0.0515742 0.450443 -0.84047 -0.725709 1.03016 0.384281 1.35439 0.186332 -0.263793 -0.504824 -0.361863 0.007 0.559936 0.172904 0.0317379 0.207994 -0.101323
state256:  -0.316497 0.452999 0.997642 -0.293557 -0.0476557 0.447107 -0.843593 -0.680721 1.01431 0.374981 1.32751 0.208509 -0.216262 -0.502808 -0.35001 -0.0298115 0.54362 0.157878 0.0652705 0.185359 -0.103434
state257:  -0.311944 0.448727 0.995405 -0.290366 -0.0437351 0.443751 -0.846676 -0.635733 0.998463 0.365681 1.30063 0.230686 -0.168732 -0.500729 -0.338167 -0.0655172 0.526204 0.140697 0.0975494 0.161085 -0.105399
state258:  -0.307391 0.444456 0.993168 -0.287161 -0.0398124 0.440374 -0.84972 -0.590745 0.982612 0.356381 1.27376 0.252863 -0.121201 -0.498587 -0.326336 -0.100108 0.507732 0.121364 0.128438 0.135155 -0.10707
state259:  -0.302838 0.440184 0.990931 -0.283943 -0.0358878 0.436977 -0.852725 -0.545756 0.966761 0.347081 1.24688 0.27504 -0.0736699 -0.496382 -0.314517 -0.133585 0.488251 0.0998887 0.157797 0.107564 -0.108287
state260:  -0.298285 0.435913 0.988694 -0.280711 -0.0319616 0.433559 -0.85569 -0.500768 0.95091 0.337781 1.22001 0.297218 -0.026139 -0.494115 -0.30271 -0.165955 0.467806 0.0762927 0.185481 0.0783216 -0.108886
state261:  -0.293731 0.431641 0.986457 -0.277467 -0.0280339 0.430122 -0.858616 -0.45578 0.935059 0.328481 1.19313 0.319395 0.0213918 -0.491785 -0.290916 -0.197233 0.446444 0.0506093 0.211343 0.0474502 -0.108695
state262:  -0.289178 0.42737 0.98422 -0.27421 -0.0241049 0.426664 -0.861502 -0.410792 0.919208 0.319181 1.16625 0.341572 0.0689227 -0.489393 -0.279134 -0.22744 0.424206 0.0228893 0.235236 0.0149878 -0.107539
state263:  -0.284625 0.423098 0.981983 -0.27094 -0.0201748 0.423187 -0.864348 -0.365804 0.903357 0.309881 1.13938 0.363749 0.116454 -0.486938 -0.267366 -0.256601 0.401136 -0.00679681 0.257009 -0.019013 -0.105238
state264:  -0.280072 0.418827 0.979746 -0.267657 -0.0162438 0.41969 -0.867154 -0.320816 0.887506 0.300581 1.1125 0.385926 0.163984 -0.484421 -0.255612 -0.284745 0.377274 -0.0383555 0.276519 -0.0544841 -0.101614
state265:  -0.275519 0.414555 0.977509 -0.264362 -0.012312 0.416174 -0.86992 -0.275827 0.871655 0.29128 1.08562 0.408103 0.211515 -0.481842 -0.243872 -0.311905 0.352659 -0.0716681 0.293623 -0.0913428 -0.096491
state266:  -0.270966 0.410284 0.975273 -0.261055 -0.00837967 0.412638 -0.872645 -0.230839 0.855804 0.28198 1.05875 0.430281 0.259046 -0.479201 -0.232147 -0.338117 0.327328 -0.106589 0.308189 -0.129493 -0.0896964
state267:  -0.266413 0.406012 0.973036 -0.257736 -0.00444692 0.409083 -0.87533 -0.185851 0.839953 0.27268 1.03187 0.452458 0.306577 -0.476496 -0.220437 -0.363418 0.301316 -0.142946 0.320094 -0.168824 -0.0810669
state268:  -0.26186 0.401741 0.970799 -0.254405 -0.000513967 0.40551 -0.877975 -0.140863 0.824102 0.26338 1.00499 0.474635 0.354108 -0.47373 -0.208742 -0.387847 0.274657 -0.180541 0.32923 -0.209219 -0.0704493
state269:  -0.257306 0.397469 0.968562 -0.251062 0.00341901 0.401917 -0.880579 -0.0958747 0.808251 0.25408 0.978117 0.496812 0.401639 -0.4709 -0.197064 -0.411443 0.247383 -0.219152 0.335503 -0.25055 -0.0577041
state270:  -0.252753 0.393198 0.966325 -0.247707 0.00735183 0.398306 -0.883142 -0.0508865 0.7924 0.24478 0.951241 0.518989 0.44917 -0.468007 -0.185402 -0.434249 0.219524 -0.258538 0.33884 -0.292687 -0.0427077
state271:  -0.2482 0.388926 0.964088 -0.244341 0.0112843 0.394677 -0.885664 -0.00589834 0.776549 0.23548 0.924364 0.541167 0.4967 -0.465051 -0.173756 -0.456304 0.191107 -0.298444 0.339191 -0.3355 -0.0253555
state272:  -0.243647 0.384655 0.961851 -0.240964 0.0152163 0.391029 -0.888145 0.0390898 0.760698 0.22618 0.897488 0.563344 0.544231 -0.462031 -0.162129 -0.47765 0.162161 -0.338608 0.336525 -0.378862 -0.00556306
state273:  -0.239094 0.380383 0.959614 -0.237575 0.0191475 0.387363 -0.890585 0.084078 0.744847 0.21688 0.870611 0.585521 0.591762 -0.458948 -0.150519 -0.498329 0.13271 -0.378767 0.330837 -0.422658 0.0167318
state274:  -0.234541 0.376112 0.957377 -0.234176 0.0230779 0.383679 -0.892983 0.129066 0.728996 0.20758 0.843735 0.607698 0.639293 -0.455799 -0.138927 -0.518382 0.102778 -0.418665 0.322144 -0.466784 0.0415678
state275:  -0.229988 0.37184 0.95514 -0.230765 0.0270072 0.379978 -0.895341 0.174054 0.713145 0.19828 0.816858 0.629875 0.686824 -0.452586 -0.127354 -0.53785 0.0723883 -0.458059 0.310487 -0.511157 0.0689601
state276:  -0.225435 0.367569 0.952903 -0.227344 0.0309352 0.376258 -0.897657 0.219043 0.697294 0.18898 0.789982 0.652052 0.734355 -0.449308 -0.115801 -0.556776 0.041562 -0.496725 0.295925 -0.555717 0.0988994
state277:  -0.220881 0.363297 0.950666 -0.223913 0.0348618 0.372522 -0.899931 0.264031 0.681443 0.17968 0.763105 0.67423 0.781886 -0.445964 -0.104267 -0.5752 0.0103196 -0.534464 0.278536 -0.60043 0.131352
state278:  -0.216328 0.359026 0.948429 -0.220471 0.0387868 0.368768 -0.902163 0.309019 0.665592 0.17038 0.736229 0.696407 0.829417 -0.442554 -0.0927538 -0.593163 -0.0213195 -0.571104 0.258416 -0.645296 0.166261
state279:  -0.211775 0.354754 0.946192 -0.217018 0.04271 0.364997 -0.904354 0.354007 0.649741 0.16108 0.709352 0.718584 0.876947 -0.439077 -0.0812615 -0.610709 -0.0533366 -0.606499 0.23567 -0.690353 0.203546
state280:  -0.207222 0.350483 0.943955 -0.213556 0.0466312 0.361209 -0.906503 0.398995 0.63389 0.151779 0.682476 0.740761 0.924478 -0.435532 -0.0697907 -0.627877 -0.085714 -0.640536 0.210415 -0.735676 0.243102
state281:  -0.202669 0.346211 0.941719 0.210084 -0.0505503 -0.357404 0.90861 0.443983 0.618039 0.142479 0.6556 0.762938 0.972009 -0.43192 -0.0583419 -0.644712 -0.118434 -0.673126 0.182773 -0.781391 0.284802
state282:  -0.202669 0.346211 0.941719 0.210084 -0.0505503 -0.357404 0.90861 0.443983 0.618039 0.142479 0.6556 0.762938 0.972009 -0.43192 -0.0583419 -0.644712 -0.118434 -0.673126 0.182773 -0.781391 0.284802
state283:  -0.199562 0.339768 0.938731 0.209735 -0.0544638 -0.352803 0.910261 0.46666 0.644721 0.183645 0.637008 0.712545 0.976995 -0.434281 -0.0488569 -0.656919 -0.108334 -0.701142 0.160768 -0.777328 0.325355
state284:  -0.196455 0.333326 0.935744 0.209377 -0.0583752 -0.348188 0.911876 0.489337 0.671403 0.22481 0.618415 0.662151 0.981981 -0.436566 -0.0393535 -0.668917 -0.097755 -0.727955 0.138916 -0.773985 0.364165
state285:  -0.193348 0.326883 0.932757 0.209011 -0.0622843 -0.34356 0.913456 0.512013 0.698085 0.265976 0.599823 0.611757 0.986967 -0.438774 -0.0298321 -0.680695 -0.0867106 -0.753594 0.117241 -0.771318 0.401192
state286:  -0.190241 0.32044 0.929769 0.208637 -0.0661909 -0.338918 0.914999 0.53469 0.724767 0.307141 0.581231 0.561363 0.991953 -0.440906 -0.0202936 -0.692244 -0.0752154 -0.778084 0.0957589 -0.769272 0.436404
state287:  -0.187135 0.313998 0.926782 0.208254 -0.0700949 -0.334263 0.916507 0.557366 0.751449 0.348307 0.562639 0.51097 0.996939 -0.442963 -0.0107386 -0.703556 -0.0632841 -0.80145 0.0744825 -0.767779 0.469774
state288:  -0.184028 0.307555 0.923795 0.207864 -0.0739962 -0.329594 0.917979 0.580043 0.77813 0.389472 0.544047 0.460576 1.00192 -0.444943 -0.00116759 -0.714626 -0.0509312 -0.82371 0.0534165 -0.766759 0.501282
state289:  -0.180921 0.301113 0.920807 0.207465 -0.0778945 -0.324913 0.919414 0.602719 0.804812 0.430638 0.525455 0.410182 1.00691 -0.446849 0.00841867 -0.725448 -0.0381711 -0.844885 0.0325605 -0.766118 0.530915
state290:  -0.177814 0.29467 0.91782 0.207058 -0.0817898 -0.320219 0.920813 0.625396 0.831494 0.471803 0.506863 0.359788 1.0119 -0.448679 0.0180196 -0.736018 -0.0250182 -0.86499 0.0119083 -0.765748 0.558669
state291:  -0.174707 0.288227 0.914833 0.206643 -0.0856819 -0.315512 0.922176 0.648073 0.858176 0.512969 0.488271 0.309395 1.01688 -0.450434 0.0276345 -0.746333 -0.0114867 -0.884041 -0.00855119 -0.765526 0.584548
state292:  -0.1716 0.281785 0.911845 0.20622 -0.0895706 -0.310793 0.923503 0.670749 0.884858 0.554134 0.469679 0.259001 1.02187 -0.452115 0.0372629 -0.75639 0.00240923 -0.90205 -0.028834 -0.765318 0.608566
state293:  -0.168493 0.275342 0.908858 0.205789 -0.0934558 -0.306061 0.924794 0.693426 0.91154 0.5953 0.451087 0.208607 1.02685 -0.45372 0.046904 -0.76619 0.0166559 -0.91903 -0.0489605 -0.764975 0.630744
state294:  -0.165386 0.268899 0.905871 0.205349 -0.0973373 -0.301318 0.926048 0.716102 0.938222 0.636465 0.432495 0.158213 1.03184 -0.455252 0.0565574 -0.77573 0.0312398 -0.934994 -0.0689553 -0.764339 0.651115
state295:  -0.162279 0.262457 0.902883 0.204902 -0.101215 -0.296563 0.927266 0.738779 0.964904 0.67763 0.413903 0.10782 1.03683 -0.456709 0.0662224 -0.785012 0.0461478 -0.949953 -0.0888464 -0.763243 0.669719
state296:  -0.159173 0.256014 0.899896 0.204446 -0.105089 -0.291796 0.928447 0.761455 0.991586 0.718796 0.395311 0.0574259 1.04181 -0.458091 0.0758984 -0.794036 0.061367 -0.963919 -0.108665 -0.761514 0.686605
state297:  -0.156066 0.249571 0.896909 0.203983 -0.108958 -0.287017 0.929591 0.784132 1.01827 0.759961 0.376719 0.00703218 1.0468 -0.459399 0.0855847 -0.802805 0.0768851 -0.976903 -0.128445 -0.758977 0.70183
state298:  -0.152959 0.243129 0.893921 0.203511 -0.112824 -0.282227 0.9307 0.806809 1.04495 0.801127 0.358126 -0.0433616 1.05178 -0.460633 0.095281 -0.81132 0.09269 -0.988919 -0.148224 -0.755457 0.715458
state299:  -0.149852 0.236686 0.890934 0.203031 -0.116684 -0.277427 0.931771 0.829485 1.07163 0.842292 0.339534 -0.0937553 1.05677 -0.461793 0.104986 -0.819584 0.10877 -0.999979 -0.168038 -0.750782 0.727557
state300:  -0.146745 0.230243 0.887947 0.202544 -0.120541 -0.272615 0.932806 0.852162 1.09831 0.883458 0.320942 -0.144149 1.06176 -0.462878 0.1147 -0.827601 0.125114 -1.0101 -0.187929 -0.744789 0.738202
state301:  -0.143638 0.223801 0.884959 0.202048 -0.124392 -0.267792 0.933804 0.874838 1.125 0.924623 0.30235 -0.194543 1.06674 -0.463888 0.124423 -0.835374 0.141712 -1.01929 -0.207935 -0.737322 0.747468
state302:  -0.140531 0.217358 0.881972 0.201545 -0.128239 -0.262959 0.934766 0.897515 1.15168 0.965789 0.283758 -0.244937 1.07173 -0.464824 0.134152 -0.842906 0.158553 -1.02756 -0.228099 -0.728238 0.755433
state303:  -0.137424 0.210915 0.878985 0.201033 -0.13208 -0.258116 0.93569 0.920191 1.17836 1.00695 0.265166 -0.29533 1.07671 -0.465685 0.143889 -0.850203 0.175627 -1.03495 -0.248461 -0.71741 0.762174
state304:  -0.134318 0.204473 0.875997 0.200514 -0.135917 -0.253263 0.936578 0.942868 1.20504 1.04812 0.246574 -0.345724 1.0817 -0.46647 0.153632 -0.857269 0.192926 -1.04145 -0.269063 -0.704726 0.767765
state305:  -0.131211 0.19803 0.87301 0.199987 -0.139748 -0.248399 0.937429 0.965545 1.23172 1.08929 0.227982 -0.396118 1.08669 -0.467181 0.16338 -0.864108 0.21044 -1.04709 -0.289944 -0.690091 0.772278
state306:  -0.128104 0.191587 0.870023 0.199452 -0.143573 -0.243526 0.938243 0.988221 1.25841 1.13045 0.20939 -0.446511 1.09167 -0.467816 0.173134 -0.870725 0.228161 -1.05189 -0.311143 -0.673427 0.775778
state307:  -0.124997 0.185145 0.867035 0.198909 -0.147393 -0.238643 0.939021 1.0109 1.28509 1.17162 0.190798 -0.496905 1.09666 -0.468375 0.182892 -0.877127 0.246081 -1.05587 -0.332699 -0.654675 0.778327
state308:  -0.12189 0.178702 0.864048 0.198358 -0.151207 -0.233751 0.939761 1.03357 1.31177 1.21278 0.172206 -0.547299 1.10164 -0.468858 0.192654 -0.883316 0.264194 -1.05905 -0.354646 -0.633793 0.779976
state309:  -0.118783 0.172259 0.861061 0.1978 -0.155015 -0.22885 0.940464 1.05625 1.33845 1.25395 0.153614 -0.597693 1.10663 -0.469265 0.20242 -0.889301 0.282491 -1.06144 -0.37702 -0.610758 0.780771
state310:  -0.115676 0.165817 0.858073 0.197233 -0.158818 -0.223939 0.941131 1.07893 1.36513 1.29511 0.135022 -0.648086 1.11162 -0.469594 0.212188 -0.895084 0.300966 -1.06306 -0.399852 -0.585563 0.780749
state311:  -0.112569 0.159374 0.855086 0.196659 -0.162613 -0.21902 0.94176 1.1016 1.39182 1.33628 0.11643 -0.69848 1.1166 -0.469847 0.221959 -0.900673 0.319614 -1.06394 -0.423171 -0.558216 0.779936
state312:  -0.109462 0.152931 0.852099 0.196077 -0.166403 -0.214092 0.942353 1.12428 1.4185 1.37744 0.0978375 -0.748874 1.12159 -0.470021 0.231731 -0.906073 0.338429 -1.06408 -0.447005 -0.528744 0.778351
state313:  -0.106356 0.146489 0.849111 0.195488 -0.170186 -0.209156 0.942908 1.14696 1.44518 1.41861 0.0792454 -0.799268 1.12657 -0.470117 0.241505 -0.911288 0.357405 -1.06352 -0.471379 -0.497186 0.776004
state314:  -0.103249 0.140046 0.846124 0.194891 -0.173962 -0.204211 0.943426 1.16963 1.47186 1.45977 0.0606533 -0.849661 1.13156 -0.470135 0.251278 -0.916326 0.376539 -1.06225 -0.496313 -0.463596 0.772895
state315:  -0.100142 0.133603 0.843137 -0.194286 0.177731 0.199259 -0.943907 1.19231 1.49854 1.50094 0.0420613 -0.900055 1.13655 -0.470072 0.261052 -0.92119 0.395824 -1.0603 -0.521828 -0.428043 0.769015
state316:  -0.100142 0.133603 0.843137 -0.194286 0.177731 0.199259 -0.943907 1.19231 1.49854 1.50094 0.0420613 -0.900055 1.13655 -0.470072 0.261052 -0.92119 0.395824 -1.0603 -0.521828 -0.428043 0.769015
state317:  -0.0961198 0.131584 0.843428 -0.189433 0.176382 0.195991 -0.945829 1.16262 1.47091 1.47117 0.0852185 -0.869386 1.11444 -0.458533 0.262401 -0.898583 0.364364 -1.08155 -0.49987 -0.488669 0.772545
state318:  -0.0920979 0.129566 0.84372 -0.184573 0.175026 0.192716 -0.947713 1.13293 1.44328 1.4414 0.128376 -0.838717 1.09233 -0.446978 0.263653 -0.87561 0.333866 -1.09953 -0.47838 -0.545373 0.773301
state319:  -0.0880759 0.127547 0.844012 -0.179706 0.173664 0.189432 -0.949559 1.10325 1.41564 1.41163 0.171533 -0.808047 1.07022 -0.435408 0.264807 -0.852239 0.30438 -1.11435 -0.457395 -0.597748 0.771642
state320:  -0.084054 0.125528 0.844303 -0.174832 0.172294 0.186142 -0.951367 1.07356 1.38801 1.38186 0.21469 -0.777378 1.04811 -0.423825 0.265864 -0.828445 0.275955 -1.12609 -0.436927 -0.645499 0.767914
state321:  -0.080032 0.12351 0.844595 -0.16995 0.170917 0.182844 -0.953138 1.04387 1.36038 1.35209 0.257847 -0.746709 1.026 -0.412229 0.266822 -0.804206 0.24864 -1.13484 -0.416965 -0.688436 0.762439
state322:  -0.0760101 0.121491 0.844887 -0.165062 0.169534 0.179538 -0.954871 1.01418 1.33275 1.32232 0.301005 -0.716039 1.00389 -0.400622 0.267682 -0.77951 0.222485 -1.14066 -0.397481 -0.726459 0.755502
state323:  -0.0719881 0.119472 0.845178 -0.160168 0.168144 0.176226 -0.956566 0.984494 1.30511 1.29255 0.344162 -0.68537 0.981777 -0.389005 0.268443 -0.754347 0.19754 -1.14364 -0.37843 -0.759542 0.747348
state324:  -0.0679661 0.117454 0.84547 -0.155267 0.166747 0.172906 -0.958223 0.954806 1.27748 1.26278 0.387319 -0.654701 0.959667 -0.377379 0.269105 -0.728716 0.173854 -1.14383 -0.359761 -0.787722 0.738178
state325:  -0.0639442 0.115435 0.845761 -0.150359 0.165344 0.16958 -0.959842 0.925117 1.24985 1.23301 0.430476 -0.624031 0.937557 -0.365746 0.269669 -0.702621 0.151478 -1.1413 -0.341411 -0.81108 0.728142
state326:  -0.0599222 0.113416 0.846053 -0.145446 0.163934 0.166247 -0.961422 0.895429 1.22222 1.20324 0.473633 -0.593362 0.915447 -0.354107 0.270133 -0.676072 0.130459 -1.1361 -0.323317 -0.829732 0.717344
state327:  -0.0559003 0.111397 0.846345 -0.140527 0.162518 0.162907 -0.962965 0.865741 1.19458 1.17347 0.516791 -0.562693 0.893337 -0.342462 0.270498 -0.649086 0.110843 -1.12832 -0.305418 -0.843823 0.705841
state328:  -0.0518783 0.109379 0.846636 -0.135603 0.161095 0.159561 -0.964469 0.836053 1.16695 1.14371 0.559948 -0.532023 0.871227 -0.330813 0.270764 -0.621688 0.0926754 -1.118 -0.287653 -0.853515 0.693648
state329:  -0.0478564 0.10736 0.846928 -0.130673 0.159665 0.156208 -0.965935 0.806365 1.13932 1.11394 0.603105 -0.501354 0.849117 -0.319162 0.270931 -0.593906 0.0759983 -1.10522 -0.269972 -0.858989 0.680737
state330:  -0.0438344 0.105341 0.847219 -0.125738 0.15823 0.152849 -0.967363 0.776677 1.11168 1.08417 0.646262 -0.470685 0.827007 -0.307509 0.270998 -0.565779 0.0608511 -1.09005 -0.252334 -0.860441 0.667044
state331:  -0.0398124 0.103323 0.847511 -0.120798 0.156788 0.149485 -0.968752 0.746989 1.08405 1.0544 0.68942 -0.440016 0.804897 -0.295856 0.270966 -0.53735 0.0472699 -1.07255 -0.234711 -0.858082 0.652472
state332:  -0.0357905 0.101304 0.847803 -0.115853 0.15534 0.146114 -0.970102 0.717301 1.05642 1.02463 0.732577 -0.409346 0.782787 -0.284204 0.270834 -0.508668 0.0352867 -1.0528 -0.21709 -0.852134 0.636898
state333:  -0.0317685 0.0992852 0.848094 -0.110903 0.153885 0.142737 -0.971414 0.687613 1.02879 0.994858 0.775734 -0.378677 0.760677 -0.272554 0.270603 -0.479789 0.0249291 -1.03086 -0.199477 -0.842836 0.620177
state334:  -0.0277466 0.0972665 0.848386 -0.105949 0.152425 0.139355 -0.972688 0.657924 1.00115 0.965088 0.818891 -0.348008 0.738567 -0.260908 0.270273 -0.450773 0.0162201 -1.00681 -0.181897 -0.830439 0.602146
state335:  -0.0237246 0.0952477 0.848677 -0.100991 0.150958 0.135967 -0.973923 0.628236 0.97352 0.935319 0.862048 -0.317338 0.716457 -0.249266 0.269843 -0.421687 0.0091773 -0.980713 -0.164392 -0.815206 0.582634
state336:  -0.0197026 0.093229 0.848969 -0.0960291 0.149486 0.132574 -0.975119 0.598548 0.945888 0.905549 0.905206 -0.286669 0.694347 -0.237631 0.269315 -0.392599 0.00381266 -0.952632 -0.147028 -0.79741 0.561466
state337:  -0.0156807 0.0912103 0.849261 -0.0910631 0.148007 0.129175 -0.976276 0.56886 0.918255 0.87578 0.948363 -0.256 0.672237 -0.226002 0.268687 -0.363582 0.000132389 -0.922634 -0.129892 -0.777332 0.538467
state338:  -0.0116587 0.0891916 0.849552 -0.0860935 0.146523 0.125772 -0.977395 0.539172 0.890622 0.84601 0.99152 -0.22533 0.650127 -0.214382 0.26796 -0.334711 -0.00186331 -0.890782 -0.113089 -0.755251 0.513472
state339:  -0.00763678 0.0871729 0.849844 -0.0811205 0.145033 0.122363 -0.978474 0.509484 0.862989 0.816241 1.03468 -0.194661 0.628017 -0.202772 0.267135 -0.306061 -0.00218036 -0.857137 -0.0967464 -0.731445 0.486328
state340:  -0.00361482 0.0851542 0.850135 -0.0761443 0.143537 0.11895 -0.979515 0.479796 0.835356 0.786471 1.07783 -0.163992 0.605907 -0.191172 0.266212 -0.277708 -0.000830746 -0.821765 -0.0810092 -0.706182 0.456897
state341:  0.000407139 0.0831355 0.850427 -0.0711651 0.142035 0.115532 -0.980517 0.450108 0.807724 0.756702 1.12099 -0.133323 0.583797 -0.179584 0.26519 -0.249728 0.00216755 -0.784731 -0.0660398 -0.679713 0.425065
state342:  0.0044291 0.0811168 0.850719 -0.066183 0.140528 0.112109 -0.98148 0.42042 0.780091 0.726932 1.16415 -0.102653 0.561687 -0.168009 0.26407 -0.222195 0.00679078 -0.746107 -0.0520156 -0.652267 0.390739
state343:  0.00845105 0.0790981 0.85101 -0.0611983 0.139015 0.108682 -0.982404 0.390732 0.752458 0.697162 1.20731 -0.0719839 0.539577 -0.156449 0.262852 -0.19518 0.0130097 -0.705972 -0.0391266 -0.624045 0.353853
state344:  0.00845105 0.0790981 0.85101 -0.0611983 0.139015 0.108682 -0.982404 0.390732 0.752458 0.697162 1.20731 -0.0719839 0.539577 -0.156449 0.262852 -0.19518 0.0130097 -0.705972 -0.0391266 -0.624045 0.353853
state345:  0.00804862 0.0753315 0.853343 -0.058316 0.132468 0.103563 -0.984036 0.372125 0.791389 0.663964 1.22458 -0.0685561 0.588645 -0.147351 0.251263 -0.184072 0.0190978 -0.666172 -0.0283063 -0.566176 0.372856
state346:  0.00764619 0.0715649 0.855676 -0.0554291 0.12591 0.0984362 -0.985588 0.353519 0.830319 0.630766 1.24185 -0.0651283 0.637712 -0.138431 0.239564 -0.172905 0.024408 -0.626935 -0.0184869 -0.50837 0.386269
state347:  0.00724376 0.0677984 0.858009 -0.0525378 0.119342 0.0933015 -0.987062 0.334913 0.86925 0.597568 1.25912 -0.0617005 0.68678 -0.129689 0.227757 -0.161723 0.0289469 -0.588273 -0.0096778 -0.451308 0.394157
state348:  0.00684133 0.0640318 0.860342 -0.0496422 0.112765 0.0881593 -0.988457 0.316307 0.90818 0.56437 1.27639 -0.0582727 0.735848 -0.121121 0.215846 -0.150567 0.0327236 -0.550198 -0.00188033 -0.395684 0.396678
state349:  0.0064389 0.0602652 0.862674 -0.0467427 0.106178 0.08301 -0.989773 0.2977 0.947111 0.531171 1.29366 -0.0548449 0.784916 -0.112724 0.203833 -0.139479 0.0357497 -0.512725 0.00491121 -0.342167 0.394087
state350:  0.00603647 0.0564986 0.865007 -0.0438394 0.0995835 0.0778541 -0.99101 0.279094 0.986042 0.497973 1.31093 -0.0514171 0.833984 -0.104498 0.191723 -0.1285 0.0380394 -0.47587 0.0107093 -0.291367 0.386712
state351:  0.00563404 0.0527321 0.86734 -0.0409326 0.0929806 0.072692 -0.992167 0.260488 1.02497 0.464775 1.3282 -0.0479893 0.883051 -0.0964387 0.179516 -0.11767 0.0396093 -0.439645 0.0155328 -0.243803 0.374952
state352:  0.0052316 0.0489655 0.869673 -0.0380226 0.0863703 0.0675241 -0.993245 0.241881 1.0639 0.431577 1.34548 -0.0445615 0.932119 -0.0885447 0.167217 -0.107028 0.0404783 -0.404064 0.0194058 -0.199892 0.359248
state353:  0.00482917 0.0451989 0.872006 -0.0351095 0.079753 0.0623507 -0.994243 0.223275 1.10283 0.398379 1.36275 -0.0411337 0.981187 -0.0808136 0.154827 -0.0966112 0.0406676 -0.369136 0.0223577 -0.159941 0.340072
state354:  0.00442674 0.0414323 0.874339 -0.0321936 0.0731294 0.0571724 -0.995162 0.204669 1.14176 0.36518 1.38002 -0.0377059 1.03025 -0.0732432 0.14235 -0.0864543 0.0402004 -0.33487 0.0244218 -0.124154 0.317908
state355:  0.00402431 0.0376658 0.876672 -0.0292751 0.0664999 0.0519894 -0.996001 0.186063 1.18069 0.331982 1.39729 -0.0342781 1.07932 -0.0658314 0.129788 -0.0765912 0.0391019 -0.301269 0.0256349 -0.0926417 0.293239
state356:  0.00362188 0.0338992 0.879004 -0.0263543 0.0598651 0.0468024 -0.99676 0.167456 1.21962 0.298784 1.41456 -0.0308503 1.12839 -0.0585761 0.117143 -0.0670538 0.0373991 -0.268335 0.0260366 -0.0654368 0.266533
state357:  0.00321945 0.0301326 0.881337 -0.0234313 0.0532255 0.0416115 -0.99744 0.14885 1.25856 0.265586 1.43183 -0.0274224 1.17746 -0.0514752 0.104418 -0.0578715 0.0351205 -0.236064 0.0256681 -0.0425117 0.238241
state358:  0.00281702 0.026366 0.88367 -0.0205065 0.0465816 0.0364174 -0.99804 0.130244 1.29749 0.232387 1.4491 -0.0239946 1.22653 -0.0445268 0.0916151 -0.0490718 0.0322963 -0.204448 0.0245719 -0.0237932 0.208786
state359:  0.00241459 0.0225995 0.886003 -0.0175801 0.039934 0.0312203 -0.99856 0.111638 1.33642 0.199189 1.46637 -0.0205668 1.27559 -0.0377288 0.0787366 -0.0406799 0.0289577 -0.173476 0.022791 -0.0091762 0.178566
state360:  0.00201216 0.0188329 0.888336 -0.0146522 0.0332832 0.0260208 -0.999 0.0930313 1.37535 0.165991 1.48364 -0.017139 1.32466 -0.0310794 0.0657848 -0.0327185 0.0251374 -0.143132 0.0203677 0.00146489 0.147949
state361:  0.00160972 0.0150663 0.890669 -0.0117232 0.0266298 0.0208191 -0.99936 0.0744251 1.41428 0.132793 1.50092 -0.0137112 1.37373 -0.0245768 0.0527618 -0.0252081 0.0208686 -0.113396 0.0173435 0.00826799 0.117277
state362:  0.00120729 0.0112997 0.893001 -0.0087932 0.0199742 0.0156158 -0.99964 0.0558188 1.45321 0.0995946 1.51819 -0.0102834 1.4228 -0.0182192 0.0396698 -0.0181666 0.0161855 -0.0842435 0.0137584 0.0113771 0.0868648
state363:  0.000804862 0.00753315 0.895334 -0.00586252 0.013317 0.0104112 -0.99984 0.0372125 1.49214 0.0663964 1.53546 -0.00685561 1.47186 -0.012005 0.0265108 -0.0116097 0.0111229 -0.0556479 0.00964987 0.0109382 0.0570046
state364:  0.000402431 0.00376658 0.897667 -0.00293138 0.00665878 0.00520582 -0.99996 0.0186063 1.53107 0.0331982 1.55273 -0.00342781 1.52093 -0.00593241 0.0132869 -0.00555053 0.00571595 -0.0275779 0.00505309 0.0070974 0.0279661
state365:  0 0 0.9 0 0 0 1 0 1.57 0 1.57 0 1.57 -0 0 -0 0 -0 0 -0 0
end
