start_state_:  0 -0.25 0.2 0 0 0 1 0 1.57 0 1.57 0 1.57 -0 0 -0 0 -0 0 -0 0
goal_state_:  0 0 0.9 0 0 0 1 0 1.57 0 1.57 0 1.57 0 0 0 0 0 0 0 0
states: 217
planning_mode: 2
planning_time: 681.895
motion_cost: 5.24766
minimum_var: 0.321015
minimum_var_state_entry: 138
state0:  0 -0.25 0.2 0 0 0 1 0 1.57 0 1.57 0 1.57 -0 0 -0 0 -0 0 -0 0
state1:  -0.00795235 -0.250746 0.207958 -0.00197194 0.00560558 0.00402974 0.999974 -0.00346081 1.52106 0.0362775 1.57022 0.0293461 1.53621 0.00389886 -0.011227 -0.00756286 -0.00427988 -0.0405619 0.0075393 -0.0231907 0.0397826
state2:  -0.0159047 -0.251491 0.215916 -0.00394379 0.0112109 0.00805927 0.999897 -0.00692163 1.47212 0.072555 1.57043 0.0586922 1.50241 0.00770808 -0.0224849 -0.0147292 -0.00920183 -0.0817631 0.0146989 -0.0494335 0.0785614
state3:  -0.023857 -0.252237 0.223874 -0.00591543 0.0168156 0.0120884 0.999768 -0.0103824 1.42319 0.108833 1.57065 0.0880383 1.46862 0.0114283 -0.0337728 -0.0214587 -0.0147378 -0.123577 0.0214385 -0.0787176 0.116132
state4:  -0.0318094 -0.252982 0.231832 -0.00788676 0.0224194 0.0161169 0.999588 -0.0138433 1.37425 0.14511 1.57087 0.117384 1.43482 0.0150602 -0.0450899 -0.0277132 -0.0208575 -0.165974 0.027719 -0.111022 0.152293
state5:  -0.0397617 -0.253728 0.23979 -0.00985769 0.0280221 0.0201445 0.999356 -0.0173041 1.32531 0.181388 1.57108 0.14673 1.40103 0.0186044 -0.0564353 -0.0334562 -0.0275286 -0.208922 0.0335034 -0.14631 0.186842
state6:  -0.0477141 -0.254473 0.247748 -0.0118281 0.0336234 0.0241712 0.999072 -0.0207649 1.27637 0.217665 1.5713 0.176077 1.36724 0.0220613 -0.0678081 -0.0386534 -0.0347166 -0.252389 0.0387563 -0.184528 0.219586
state7:  -0.0556664 -0.255219 0.255706 -0.0137979 0.0392229 0.0281965 0.998737 -0.0242257 1.22744 0.253943 1.57152 0.205423 1.33344 0.0254316 -0.0792076 -0.0432723 -0.0423853 -0.296338 0.0434444 -0.225596 0.250339
state8:  -0.0636188 -0.255964 0.263664 -0.015767 0.0448204 0.0322205 0.998351 -0.0276865 1.1785 0.29022 1.57174 0.234769 1.29965 0.0287156 -0.090633 -0.0472828 -0.0504968 -0.340731 0.0475364 -0.269408 0.278928
state9:  -0.0715711 -0.25671 0.271622 -0.0177353 0.0504156 0.0362427 0.997913 -0.0311473 1.12956 0.326498 1.57195 0.264115 1.26585 0.0319137 -0.102083 -0.0506567 -0.0590115 -0.38553 0.0510033 -0.315826 0.305195
state10:  -0.0795235 -0.257455 0.27958 -0.0197027 0.0560082 0.0402631 0.997424 -0.0346081 1.08062 0.362775 1.57217 0.293461 1.23206 0.0350264 -0.113558 -0.0533681 -0.0678883 -0.430693 0.0538184 -0.36468 0.329002
state11:  -0.0874758 -0.258201 0.287538 -0.021669 0.0615979 0.0442814 0.996883 -0.038069 1.03168 0.399053 1.57239 0.322807 1.19826 0.038054 -0.125056 -0.055393 -0.0770849 -0.476177 0.0559573 -0.415762 0.350239
state12:  -0.0954282 -0.258946 0.295496 -0.0236343 0.0671844 0.0482975 0.996291 -0.0415298 0.982746 0.43533 1.5726 0.352153 1.16447 0.0409967 -0.136577 -0.0567099 -0.0865577 -0.521937 0.0573984 -0.468834 0.368821
state13:  -0.103381 -0.259692 0.303454 -0.0255983 0.0727674 0.052311 0.995647 -0.0449906 0.933808 0.471608 1.57282 0.381499 1.13068 0.0438548 -0.148121 -0.0572993 -0.0962619 -0.567928 0.0581225 -0.523626 0.384697
state14:  -0.111333 -0.260437 0.311412 -0.027561 0.0783467 0.0563218 0.994952 -0.0484514 0.884871 0.507885 1.57304 0.410845 1.09688 0.0466284 -0.159685 -0.0571439 -0.106152 -0.614104 0.0581133 -0.579843 0.397853
state15:  -0.119285 -0.261183 0.31937 -0.0295223 0.083922 0.0603298 0.994206 -0.0519122 0.835933 0.544163 1.57325 0.440191 1.06309 0.0493177 -0.17127 -0.0562287 -0.116181 -0.660415 0.0573572 -0.637173 0.408311
state16:  -0.127238 -0.261928 0.327328 -0.031482 0.089493 0.0643346 0.993409 -0.055373 0.786995 0.58044 1.57347 0.469538 1.02929 0.0519228 -0.182875 -0.0545409 -0.126301 -0.706815 0.0558433 -0.695294 0.416131
state17:  -0.13519 -0.262674 0.335286 -0.0334402 0.0950593 0.0683361 0.99256 -0.0588338 0.738057 0.616718 1.57369 0.498884 0.9955 0.0544437 -0.194498 -0.0520701 -0.136464 -0.753254 0.0535637 -0.753885 0.42141
state18:  -0.143142 -0.263419 0.343244 -0.0353966 0.100621 0.0723341 0.99166 -0.0622947 0.689119 0.652995 1.57391 0.52823 0.961706 0.0568804 -0.206141 -0.0488081 -0.146623 -0.799683 0.0505135 -0.812635 0.424281
state19:  -0.151095 -0.264165 0.351201 -0.0373512 0.106177 0.0763284 0.99071 -0.0657555 0.640182 0.689273 1.57412 0.557576 0.927912 0.0592329 -0.217801 -0.0447492 -0.156726 -0.846053 0.0466904 -0.871248 0.424905
state20:  -0.159047 -0.264911 0.359159 -0.0393038 0.111728 0.0803187 0.989708 -0.0692163 0.591244 0.72555 1.57434 0.586922 0.894117 0.0615009 -0.229478 -0.0398904 -0.166726 -0.892315 0.0420952 -0.929457 0.423473
state21:  -0.166999 -0.265656 0.367117 -0.0412545 0.117273 0.0843049 0.988655 -0.0726771 0.542306 0.761828 1.57456 0.616268 0.860323 0.0636844 -0.241171 -0.0342312 -0.176571 -0.938422 0.0367315 -0.98702 0.420196
state22:  -0.174952 -0.266402 0.375075 -0.043203 0.122812 0.0882868 0.987551 -0.0761379 0.493368 0.798105 1.57477 0.645614 0.826529 0.0657831 -0.252881 -0.0277736 -0.186212 -0.984324 0.0306056 -1.04373 0.4153
state23:  -0.182904 -0.267147 0.383033 -0.0451493 0.128344 0.0922641 0.986396 -0.0795987 0.44443 0.834383 1.57499 0.67496 0.792735 0.0677966 -0.264605 -0.0205228 -0.195599 -1.02997 0.0237266 -1.09941 0.40902
state24:  -0.190856 -0.267893 0.390991 -0.0470932 0.13387 0.0962366 0.98519 -0.0830596 0.395492 0.87066 1.57521 0.704306 0.758941 0.0697248 -0.276343 -0.0124868 -0.204683 -1.07533 0.0161063 -1.15391 0.401598
state25:  -0.198809 -0.268638 0.398949 -0.0490347 0.139389 0.100204 0.983934 -0.0865204 0.346555 0.906938 1.57542 0.733652 0.725147 0.0715671 -0.288096 -0.00367657 -0.213413 -1.12034 0.00775906 -1.20712 0.39327
state26:  -0.206761 -0.269384 0.406907 -0.0509737 0.144901 0.104167 0.982626 -0.0899812 0.297617 0.943215 1.57564 0.762999 0.691353 0.0733231 -0.299861 0.0058935 -0.22174 -1.16497 -0.00129826 -1.25895 0.384272
state27:  -0.214713 -0.270129 0.414865 -0.0529101 0.150406 0.108124 0.981269 -0.093442 0.248679 0.979493 1.57586 0.792345 0.657558 0.0749923 -0.311639 0.0162058 -0.229617 -1.20916 -0.0110464 -1.30933 0.374826
state28:  -0.222666 -0.270875 0.422823 -0.0548437 0.155903 0.112075 0.97986 -0.0969028 0.199741 1.01577 1.57607 0.821691 0.623764 0.076574 -0.323428 0.0272393 -0.236995 -1.25289 -0.0214639 -1.35819 0.365143
state29:  -0.230618 -0.27162 0.430781 -0.0567746 0.161391 0.116021 0.978401 -0.100364 0.150803 1.05205 1.57629 0.851037 0.58997 0.0780676 -0.335228 0.0389694 -0.243828 -1.29611 -0.032527 -1.4055 0.355417
state30:  -0.23857 -0.272366 0.438739 0.0587024 -0.166872 -0.119961 -0.976892 -0.103824 0.101866 1.08833 1.57651 0.880383 0.556176 0.0794724 -0.347039 0.051368 -0.250071 -1.33877 -0.0442097 -1.45122 0.345825
state31:  -0.23857 -0.272366 0.438739 0.0587024 -0.166872 -0.119961 -0.976892 -0.103824 0.101866 1.08833 1.57651 0.880383 0.556176 0.0794724 -0.347039 0.051368 -0.250071 -1.33877 -0.0442097 -1.45122 0.345825
state32:  -0.226759 -0.258265 0.457979 0.0636181 -0.177072 -0.1107 -0.975881 -0.115611 0.152799 1.09694 1.56989 0.898852 0.509435 0.0911844 -0.367932 0.0475621 -0.263143 -1.36035 -0.0468106 -1.47259 0.313516
state33:  -0.214947 -0.244164 0.477218 0.0685201 -0.187233 -0.101415 -0.974661 -0.127398 0.203733 1.10555 1.56327 0.91732 0.462694 0.103476 -0.388582 0.0428808 -0.276344 -1.38207 -0.0486454 -1.4923 0.282049
state34:  -0.203135 -0.230063 0.496458 0.0734073 -0.197355 -0.0921091 -0.973231 -0.139185 0.254666 1.11416 1.55665 0.935789 0.415953 0.116366 -0.408973 0.037293 -0.289633 -1.40388 -0.0496877 -1.51042 0.251445
state35:  -0.191323 -0.215962 0.515697 0.0782788 -0.207434 -0.0827831 -0.971592 -0.150972 0.3056 1.12277 1.55003 0.954258 0.369212 0.129871 -0.42909 0.0307676 -0.302969 -1.42575 -0.0499123 -1.52695 0.221712
state36:  -0.179511 -0.201861 0.534936 0.0831334 -0.217469 -0.0734392 -0.969744 -0.162759 0.356533 1.13138 1.54341 0.972726 0.322471 0.144012 -0.448915 0.0232739 -0.316308 -1.44764 -0.0492954 -1.5419 0.192838
state37:  -0.167699 -0.18776 0.554176 0.0879702 -0.227457 -0.0640796 -0.967687 -0.174546 0.407467 1.13999 1.53679 0.991195 0.275729 0.158806 -0.468432 0.0147821 -0.329601 -1.46952 -0.0478149 -1.55526 0.164794
state38:  -0.155887 -0.173659 0.573415 0.092788 -0.237396 -0.0547062 -0.965423 -0.186333 0.4584 1.1486 1.53017 1.00966 0.228988 0.174275 -0.487622 0.00526312 -0.3428 -1.49132 -0.0454506 -1.56702 0.137533
state39:  -0.144075 -0.159558 0.592655 0.0975859 -0.247284 -0.045321 -0.962951 -0.19812 0.509334 1.15721 1.52356 1.02813 0.182247 0.190438 -0.506465 -0.00531044 -0.355851 -1.51301 -0.0421844 -1.57715 0.110994
state40:  -0.132263 -0.145457 0.611894 0.102363 -0.257118 -0.0359261 -0.960271 -0.209907 0.560267 1.16582 1.51694 1.0466 0.135506 0.207314 -0.524941 -0.0169643 -0.368698 -1.53454 -0.0380005 -1.58561 0.0850994
state41:  -0.120451 -0.131356 0.631134 0.107118 -0.266898 -0.0265234 -0.957386 -0.221694 0.611201 1.17443 1.51032 1.06507 0.088765 0.224923 -0.543028 -0.029722 -0.381285 -1.55586 -0.0328855 -1.59237 0.0597564
state42:  -0.108639 -0.117255 0.650373 0.11185 -0.27662 -0.0171151 -0.954295 -0.233481 0.662134 1.18304 1.5037 1.08354 0.0420239 0.243284 -0.560704 -0.0436038 -0.393549 -1.57692 -0.0268285 -1.59739 0.03486
state43:  -0.0968275 -0.103154 0.669613 0.116557 -0.286283 -0.00770305 -0.950998 -0.245268 0.713068 1.19165 1.49708 1.10201 -0.00471723 0.262415 -0.577945 -0.0586268 -0.405426 -1.59767 -0.0198215 -1.60062 0.0102932
state44:  -0.0850156 -0.0890534 0.688852 0.12124 -0.295884 0.00171064 -0.947497 -0.257055 0.764001 1.20026 1.49046 1.12048 -0.0514583 0.282333 -0.594728 -0.0748036 -0.41685 -1.61804 -0.0118594 -1.60204 -0.0140707
state45:  -0.0732037 -0.0749524 0.708091 0.125897 -0.305421 0.011124 -0.943792 -0.268842 0.814935 1.20887 1.48384 1.13894 -0.0981994 0.303052 -0.611025 -0.0921418 -0.427753 -1.63799 -0.00293977 -1.6016 -0.038366
state46:  -0.0613918 -0.0608514 0.727331 0.130527 -0.314893 0.0205349 -0.939885 -0.280629 0.865868 1.21748 1.47722 1.15741 -0.144941 0.324588 -0.626812 -0.110643 -0.438063 -1.65747 0.00693641 -1.59928 -0.0627324
state47:  -0.0495799 -0.0467505 0.74657 0.135128 -0.324297 0.0299414 -0.935775 -0.292416 0.916802 1.22609 1.4706 1.17588 -0.191682 0.346951 -0.64206 -0.130303 -0.447708 -1.67641 0.0177652 -1.59505 -0.0873121
state48:  -0.0377679 -0.0326495 0.76581 0.139701 -0.333632 0.0393415 -0.931464 -0.304203 0.967735 1.2347 1.46398 1.19435 -0.238423 0.370148 -0.656742 -0.151109 -0.456612 -1.69477 0.0295396 -1.58888 -0.112248
state49:  -0.025956 -0.0185486 0.785049 -0.144243 0.342894 -0.0487331 0.926953 -0.31599 1.01867 1.24331 1.45736 1.21282 -0.285164 0.394186 -0.670829 -0.173041 -0.464702 -1.71248 0.0422491 -1.58076 -0.137679
state50:  -0.025956 -0.0185486 0.785049 -0.144243 0.342894 -0.0487331 0.926953 -0.31599 1.01867 1.24331 1.45736 1.21282 -0.285164 0.394186 -0.670829 -0.173041 -0.464702 -1.71248 0.0422491 -1.58076 -0.137679
state51:  -0.0346387 -0.0117642 0.788074 -0.152867 0.339938 -0.0515018 0.926511 -0.297888 1.02054 1.19029 1.44679 1.1935 -0.238904 0.415127 -0.661329 -0.174363 -0.486431 -1.68178 0.0307287 -1.58311 -0.124398
state52:  -0.0433213 -0.00497973 0.791099 -0.161476 0.33695 -0.0542658 0.925983 -0.279787 1.02242 1.13727 1.43621 1.17418 -0.192644 0.435777 -0.651645 -0.175592 -0.5081 -1.65105 0.019076 -1.58425 -0.111242
state53:  -0.052004 0.00180469 0.794124 -0.170071 0.333932 -0.0570249 0.925372 -0.261686 1.02429 1.08425 1.42564 1.15485 -0.146384 0.456141 -0.641785 -0.176711 -0.529703 -1.62024 0.00731192 -1.58414 -0.0981862
state54:  -0.0606867 0.00858911 0.797149 -0.17865 0.330884 -0.0597787 0.924677 -0.243585 1.02617 1.03123 1.41507 1.13553 -0.100125 0.476223 -0.631754 -0.177705 -0.551236 -1.58936 -0.00454178 -1.58278 -0.0852017
state55:  -0.0693693 0.0153735 0.800173 -0.187213 0.327805 -0.0625272 0.923897 -0.225484 1.02804 0.978208 1.40449 1.11621 -0.0538649 0.496031 -0.62156 -0.178556 -0.572695 -1.55836 -0.0164627 -1.58015 -0.0722593
state56:  -0.078052 0.0221579 0.803198 -0.195759 0.324696 -0.06527 0.923033 -0.207383 1.02992 0.925187 1.39392 1.09689 -0.0076051 0.515569 -0.611208 -0.179246 -0.594072 -1.52724 -0.0284276 -1.57623 -0.0593288
state57:  -0.0867346 0.0289424 0.806223 -0.204287 0.321558 -0.0680068 0.922086 -0.189282 1.03179 0.872166 1.38334 1.07757 0.0386547 0.534844 -0.600703 -0.179755 -0.615364 -1.49596 -0.0404122 -1.57101 -0.0463801
state58:  -0.0954173 0.0357268 0.809248 -0.212797 0.318391 -0.0707374 0.921054 -0.171181 1.03367 0.819145 1.37277 1.05825 0.0849145 0.553862 -0.590054 -0.180063 -0.636564 -1.4645 -0.0523914 -1.56447 -0.0333839
state59:  -0.1041 0.0425112 0.812273 -0.221287 0.315195 -0.0734616 0.919939 -0.15308 1.03554 0.766124 1.36219 1.03892 0.131174 0.572629 -0.579264 -0.180146 -0.657666 -1.43283 -0.0643389 -1.5566 -0.0203125
state60:  -0.112783 0.0492956 0.815298 -0.229757 0.31197 -0.0761792 0.91874 -0.134979 1.03741 0.713104 1.35162 1.0196 0.177434 0.591152 -0.568339 -0.179982 -0.678665 -1.40093 -0.0762273 -1.54739 -0.00714074
state61:  -0.121465 0.05608 0.818322 -0.238206 0.308717 -0.0788898 0.917457 -0.116878 1.03929 0.660083 1.34104 1.00028 0.223694 0.609437 -0.557286 -0.179545 -0.699554 -1.36877 -0.0880278 -1.53683 0.00615309
state62:  -0.130148 0.0628645 0.821347 -0.246634 0.305435 -0.0815932 0.916091 -0.0987766 1.04116 0.607062 1.33047 0.980958 0.269954 0.627492 -0.546109 -0.178807 -0.720326 -1.33633 -0.0997105 -1.52491 0.0195864
state63:  -0.138831 0.0696489 0.824372 -0.255039 0.302126 -0.0842892 0.914642 -0.0806755 1.04304 0.554041 1.31989 0.961636 0.316213 0.645322 -0.534814 -0.177739 -0.740974 -1.30358 -0.111244 -1.51163 0.0331714
state64:  -0.147513 0.0764333 0.827397 -0.263421 0.29879 -0.0869775 0.91311 -0.0625744 1.04491 0.50102 1.30932 0.942315 0.362473 0.662935 -0.523405 -0.176309 -0.761489 -1.2705 -0.122596 -1.49697 0.0469141
state65:  -0.156196 0.0832177 0.830422 -0.271779 0.295426 -0.0896579 0.911494 -0.0444733 1.04679 0.447999 1.29874 0.922993 0.408733 0.680337 -0.511887 -0.174483 -0.781865 -1.23706 -0.133732 -1.48092 0.0608135
state66:  -0.164879 0.0900021 0.833447 -0.280112 0.292035 -0.0923302 0.909796 -0.0263723 1.04866 0.394979 1.28817 0.903671 0.454993 0.697536 -0.500266 -0.172224 -0.802092 -1.20323 -0.144616 -1.46349 0.0748606
state67:  -0.173561 0.0967866 0.836472 -0.28842 0.288618 -0.094994 0.908014 -0.00827118 1.05054 0.341958 1.27759 0.884349 0.501253 0.714537 -0.488546 -0.169492 -0.822161 -1.169 -0.155212 -1.44466 0.0890374
state68:  -0.182244 0.103571 0.839496 -0.296701 0.285174 -0.0976492 0.90615 0.00982991 1.05241 0.288937 1.26702 0.865028 0.547512 0.731349 -0.47673 -0.166244 -0.842062 -1.13434 -0.16548 -1.42443 0.103316
state69:  -0.190927 0.110355 0.842521 -0.304956 0.281705 -0.100296 0.904204 0.027931 1.05429 0.235916 1.25645 0.845706 0.593772 0.747976 -0.464825 -0.162435 -0.861784 -1.09923 -0.175381 -1.40278 0.11766
state70:  -0.199609 0.11714 0.845546 -0.313182 0.27821 -0.102933 0.902176 0.0460321 1.05616 0.182895 1.24587 0.826384 0.640032 0.764427 -0.452833 -0.158012 -0.881316 -1.06366 -0.184874 -1.37972 0.132017
state71:  -0.208292 0.123924 0.848571 -0.321381 0.27469 -0.105561 0.900065 0.0641332 1.05804 0.129874 1.2353 0.807062 0.686292 0.780707 -0.44076 -0.152922 -0.900644 -1.0276 -0.193915 -1.35524 0.146329
state72:  -0.216974 0.130709 0.851596 -0.32955 0.271144 -0.108179 0.897872 0.0822342 1.05991 0.0768535 1.22472 0.78774 0.732552 0.796824 -0.428608 -0.147106 -0.919757 -0.991046 -0.20246 -1.32934 0.160519
state73:  -0.225657 0.137493 0.854621 -0.337689 0.267574 -0.110787 0.895598 0.100335 1.06178 0.0238327 1.21415 0.768419 0.778811 0.812783 -0.416383 -0.1405 -0.938638 -0.953984 -0.210466 -1.30201 0.174502
state74:  -0.23434 0.144278 0.857645 -0.345797 0.26398 -0.113386 0.893243 0.118436 1.06366 -0.0291882 1.20357 0.749097 0.825071 0.828591 -0.404087 -0.133036 -0.957271 -0.916406 -0.217886 -1.27326 0.188177
state75:  -0.243022 0.151062 0.86067 -0.353874 0.260362 -0.115974 0.890806 0.136537 1.06553 -0.082209 1.193 0.729775 0.871331 0.844255 -0.391725 -0.124638 -0.975639 -0.878307 -0.224674 -1.24309 0.201431
state76:  -0.251705 0.157846 0.863695 -0.361919 0.25672 -0.118551 0.888288 0.154639 1.06741 -0.13523 1.18242 0.710453 0.917591 0.85978 -0.3793 -0.115228 -0.993723 -0.839687 -0.230783 -1.21153 0.214136
state77:  -0.260388 0.164631 0.86672 -0.369931 0.253054 -0.121118 0.885689 0.17274 1.06928 -0.188251 1.17185 0.691132 0.963851 0.875173 -0.366815 -0.104718 -1.0115 -0.800547 -0.236168 -1.17859 0.226153
state78:  -0.26907 0.171415 0.869745 -0.377909 0.249366 -0.123673 0.88301 0.190841 1.07116 -0.241272 1.16127 0.67181 1.01011 0.89044 -0.354275 -0.0930182 -1.02895 -0.760894 -0.240783 -1.14432 0.23733
state79:  -0.277753 0.1782 0.87277 -0.385853 0.245655 -0.126218 0.88025 0.208942 1.07303 -0.294292 1.1507 0.652488 1.05637 0.905588 -0.341682 -0.08003 -1.04605 -0.72074 -0.244581 -1.10876 0.247505
state80:  -0.286436 0.184984 0.875794 -0.393761 0.241921 -0.128751 0.877411 0.227043 1.07491 -0.347313 1.14012 0.633166 1.10263 0.92062 -0.32904 -0.0656501 -1.06276 -0.680099 -0.247519 -1.07199 0.256503
state81:  -0.295118 0.191768 0.878819 -0.401634 0.238166 -0.131272 0.874491 0.245144 1.07678 -0.400334 1.12955 0.613845 1.14889 0.935545 -0.316351 -0.0497702 -1.07906 -0.638989 -0.249554 -1.03409 0.264148
state82:  -0.303801 0.198553 0.881844 -0.40947 0.234389 -0.133781 0.871492 0.263245 1.07866 -0.453355 1.11897 0.594523 1.19515 0.950367 -0.30362 -0.0322775 -1.09492 -0.597433 -0.250647 -0.995182 0.270253
state83:  -0.312484 0.205337 0.884869 -0.417269 0.23059 -0.136278 0.868414 0.281346 1.08053 -0.506376 1.1084 0.575201 1.24141 0.965093 -0.290849 -0.0130568 -1.11029 -0.555457 -0.250758 -0.955399 0.274634
state84:  -0.321166 0.212122 0.887894 -0.42503 0.226771 -0.138763 0.865257 0.299447 1.08241 -0.559397 1.09782 0.555879 1.28767 0.979727 -0.278041 0.00800815 -1.12514 -0.513092 -0.249854 -0.914908 0.277107
state85:  -0.329849 0.218906 0.890919 -0.432753 0.222931 -0.141235 0.862021 0.317548 1.08428 -0.612417 1.08725 0.536558 1.33393 0.994275 -0.265199 0.0310313 -1.13943 -0.470368 -0.247903 -0.873902 0.277494
state86:  -0.338532 0.225691 0.893944 -0.440436 0.21907 -0.143694 0.858706 0.335649 1.08615 -0.665438 1.07668 0.517236 1.38019 1.00874 -0.252327 0.0561209 -1.1531 -0.42732 -0.244878 -0.832602 0.275628
state87:  -0.347214 0.232475 0.896968 -0.448079 0.21519 -0.146141 0.855314 0.35375 1.08803 -0.718459 1.0661 0.497914 1.42645 1.02314 -0.239426 0.0833747 -1.16611 -0.383986 -0.240755 -0.791255 0.271354
state88:  -0.355897 0.239259 0.899993 -0.455681 0.21129 -0.148574 0.851843 0.371852 1.0899 -0.77148 1.05553 0.478592 1.47271 1.03746 -0.2265 0.112874 -1.1784 -0.3404 -0.235517 -0.750129 0.264539
state89:  -0.36458 0.246044 0.903018 0.463242 -0.207371 0.150993 -0.848295 0.389953 1.09178 -0.824501 1.04495 0.459271 1.51897 1.05172 -0.213551 0.144677 -1.18992 -0.296602 -0.229151 -0.709513 0.255071
state90:  -0.36458 0.246044 0.903018 0.463242 -0.207371 0.150993 -0.848295 0.389953 1.09178 -0.824501 1.04495 0.459271 1.51897 1.05172 -0.213551 0.144677 -1.18992 -0.296602 -0.229151 -0.709513 0.255071
state91:  -0.386748 0.231975 0.918796 0.465248 -0.205126 0.154733 -0.847068 0.357352 1.08056 -0.831572 1.04731 0.44192 1.47384 1.05496 -0.204966 0.216244 -1.16982 -0.262016 -0.244195 -0.711157 0.191374
state92:  -0.408916 0.217905 0.934575 0.467243 -0.202876 0.158469 -0.845821 0.324751 1.06934 -0.838643 1.04966 0.42457 1.42872 1.05816 -0.196366 0.282175 -1.14849 -0.227603 -0.259694 -0.709951 0.128178
state93:  -0.431084 0.203836 0.950353 0.469227 -0.200621 0.162201 -0.844552 0.292151 1.05812 -0.845714 1.05201 0.40722 1.38359 1.06131 -0.187753 0.342999 -1.12614 -0.19336 -0.275631 -0.706024 0.0656054
state94:  -0.453251 0.189767 0.966131 0.471198 -0.198361 0.16593 -0.843263 0.25955 1.0469 -0.852785 1.05437 0.389869 1.33847 1.06442 -0.179126 0.399243 -1.1029 -0.159287 -0.291993 -0.699457 0.00377193
state95:  -0.475419 0.175698 0.98191 0.473159 -0.196096 0.169654 -0.841953 0.226949 1.03568 -0.859856 1.05672 0.372519 1.29334 1.06749 -0.170486 0.451405 -1.07893 -0.12538 -0.308765 -0.690292 -0.0572073
state96:  -0.497587 0.161629 0.997688 0.475107 -0.193827 0.173374 -0.840622 0.194349 1.02447 -0.866927 1.05907 0.355169 1.24822 1.07051 -0.161833 0.499946 -1.05432 -0.0916361 -0.325931 -0.678531 -0.117216
state97:  -0.519755 0.147559 1.01347 0.477044 -0.191552 0.17709 -0.839271 0.161748 1.01325 -0.873998 1.06143 0.337819 1.2031 1.07349 -0.153167 0.545283 -1.0292 -0.0580514 -0.343477 -0.664145 -0.176137
state98:  -0.541923 0.13349 1.02924 0.47897 -0.189273 0.180801 -0.837899 0.129147 1.00203 -0.881069 1.06378 0.320468 1.15797 1.07643 -0.144489 0.58779 -1.00364 -0.024621 -0.361389 -0.647076 -0.233846
state99:  -0.564091 0.119421 1.04502 0.480883 -0.186989 0.184508 -0.836506 0.0965466 0.990809 -0.888139 1.06613 0.303118 1.11285 1.07933 -0.135799 0.627797 -0.977717 0.00866054 -0.379652 -0.627237 -0.290214
state100:  -0.586259 0.105352 1.0608 0.482785 -0.184701 0.188211 -0.835093 0.063946 0.97959 -0.89521 1.06849 0.285768 1.06772 1.08219 -0.127096 0.665595 -0.951508 0.0417991 -0.398252 -0.604516 -0.345104
state101:  -0.608427 0.0912827 1.07658 0.484675 -0.182408 0.191909 -0.83366 0.0313453 0.968371 -0.902281 1.07084 0.268417 1.0226 1.08501 -0.118382 0.701443 -0.92507 0.0748015 -0.417175 -0.57878 -0.398369
state102:  -0.630595 0.0772135 1.09236 0.486553 -0.180111 0.195602 -0.832206 -0.00125538 0.957152 -0.909352 1.07319 0.251067 0.977472 1.08779 -0.109657 0.735565 -0.898456 0.107675 -0.436407 -0.549876 -0.44985
state103:  -0.652763 0.0631443 1.10814 0.488419 -0.177809 0.19929 -0.830731 -0.0338561 0.945933 -0.916423 1.07555 0.233717 0.932347 1.09053 -0.10092 0.768162 -0.871715 0.140427 -0.455934 -0.517638 -0.499377
state104:  -0.674931 0.0490751 1.12391 0.490273 -0.175503 0.202974 -0.829236 -0.0664567 0.934714 -0.923494 1.0779 0.216366 0.887222 1.09324 -0.0921722 0.799409 -0.84489 0.173066 -0.475744 -0.481893 -0.546768
state105:  -0.697099 0.0350059 1.13969 0.492115 -0.173192 0.206652 -0.827721 -0.0990574 0.923496 -0.930565 1.08026 0.199016 0.842098 1.0959 -0.0834135 0.829461 -0.818024 0.205601 -0.495821 -0.442473 -0.591826
state106:  -0.719267 0.0209367 1.15547 0.493945 -0.170878 0.210326 -0.826186 -0.131658 0.912277 -0.937636 1.08261 0.181666 0.796973 1.09853 -0.0746442 0.858456 -0.791152 0.238042 -0.516155 -0.399222 -0.634342
state107:  -0.741435 0.00686753 1.17125 0.495762 -0.168559 0.213994 -0.82463 -0.164259 0.901058 -0.944707 1.08496 0.164316 0.751848 1.10112 -0.0658645 0.886516 -0.76431 0.270398 -0.536731 -0.352021 -0.674096
state108:  -0.763603 -0.00720166 1.18703 0.497568 -0.166236 0.217657 -0.823054 -0.196859 0.889839 -0.951778 1.08732 0.146965 0.706723 1.10368 -0.0570746 0.913751 -0.737531 0.302681 -0.557537 -0.3008 -0.710861
state109:  -0.785771 -0.0212709 1.20281 0.499361 -0.163909 0.221314 -0.821457 -0.22946 0.87862 -0.958849 1.08967 0.129615 0.661599 1.10619 -0.0482747 0.940257 -0.710847 0.334901 -0.57856 -0.24557 -0.744406
state110:  -0.807939 -0.03534 1.21858 -0.501142 0.161577 -0.224967 0.819841 -0.262061 0.867401 -0.96592 1.09202 0.112265 0.616474 1.10868 -0.039465 0.966121 -0.684288 0.367071 -0.599788 -0.186442 -0.774507
state111:  -0.807939 -0.03534 1.21858 -0.501142 0.161577 -0.224967 0.819841 -0.262061 0.867401 -0.96592 1.09202 0.112265 0.616474 1.10868 -0.039465 0.966121 -0.684288 0.367071 -0.599788 -0.186442 -0.774507
state112:  -0.806845 -0.0422658 1.21415 -0.491544 0.154915 -0.229501 0.82566 -0.248494 0.877822 -0.906901 1.089 0.122629 0.57491 1.08266 -0.030199 0.938364 -0.674145 0.33871 -0.604205 -0.181655 -0.777597
state113:  -0.805751 -0.0491916 1.20972 -0.481852 0.148223 -0.233992 0.831322 -0.234928 0.888243 -0.847882 1.08597 0.132993 0.533346 1.05664 -0.0209449 0.910551 -0.663835 0.309318 -0.608409 -0.177845 -0.781121
state114:  -0.804657 -0.0561174 1.20528 -0.472068 0.141503 -0.238438 0.836825 -0.221361 0.898664 -0.788863 1.08294 0.143357 0.491781 1.03061 -0.011709 0.882701 -0.653342 0.278857 -0.612442 -0.175083 -0.785192
state115:  -0.803564 -0.0630432 1.20085 -0.462194 0.134756 -0.242839 0.842168 -0.207795 0.909085 -0.729844 1.07991 0.153721 0.450217 1.00459 -0.00249739 0.854835 -0.642649 0.247298 -0.616342 -0.173417 -0.789933
state116:  -0.80247 -0.069969 1.19642 -0.452232 0.127984 -0.247193 0.84735 -0.194228 0.919506 -0.670825 1.07689 0.164085 0.408653 0.978551 0.00668358 0.826971 -0.63174 0.214615 -0.620142 -0.172873 -0.795471
state117:  -0.801376 -0.0768948 1.19199 -0.442183 0.121186 -0.2515 0.852371 -0.180662 0.929927 -0.611806 1.07386 0.174449 0.367088 0.952499 0.0158277 0.79913 -0.6206 0.180793 -0.623872 -0.173452 -0.801937
state118:  -0.800283 -0.0838206 1.18755 -0.43205 0.114366 -0.255759 0.857228 -0.167095 0.940347 -0.552787 1.07083 0.184813 0.325524 0.926429 0.0249287 0.771331 -0.609213 0.145819 -0.627554 -0.175134 -0.809458
state119:  -0.799189 -0.0907464 1.18312 -0.421834 0.107524 -0.25997 0.861922 -0.153529 0.950768 -0.493768 1.0678 0.195177 0.28396 0.900335 0.0339804 0.743596 -0.597566 0.109689 -0.631205 -0.177879 -0.818158
state120:  -0.798095 -0.0976722 1.17869 -0.411538 0.100661 -0.26413 0.866452 -0.139962 0.961189 -0.434749 1.06478 0.205541 0.242396 0.874214 0.0429765 0.715944 -0.585645 0.0724035 -0.634835 -0.181627 -0.828148
state121:  -0.797001 -0.104598 1.17425 -0.401163 0.0937792 -0.26824 0.870816 -0.126396 0.97161 -0.37573 1.06175 0.215905 0.200831 0.848062 0.051911 0.688395 -0.573436 0.0339671 -0.638446 -0.186303 -0.839531
state122:  -0.795908 -0.111524 1.16982 -0.390712 0.0868793 -0.272299 0.875014 -0.11283 0.982031 -0.316711 1.05872 0.226269 0.159267 0.821875 0.0607775 0.66097 -0.560926 -0.00560942 -0.642035 -0.191821 -0.852396
state123:  -0.794814 -0.11845 1.16539 -0.380186 0.0799629 -0.276306 0.879045 -0.099263 0.992452 -0.257693 1.05569 0.236633 0.117703 0.795648 0.0695698 0.633689 -0.548103 -0.0463106 -0.645592 -0.198081 -0.866814
state124:  -0.79372 -0.125375 1.16095 -0.369588 0.0730312 -0.28026 0.882907 -0.0856966 1.00287 -0.198674 1.05267 0.246997 0.0761387 0.769379 0.0782819 0.60657 -0.534957 -0.0881162 -0.6491 -0.204979 -0.882842
state125:  -0.792626 -0.132301 1.15652 -0.358918 0.0660855 -0.284161 0.886602 -0.0721301 1.01329 -0.139655 1.04964 0.257361 0.0345744 0.743063 0.0869076 0.579634 -0.521477 -0.131001 -0.652535 -0.212403 -0.900518
state126:  -0.791533 -0.139227 1.15209 -0.348181 0.0591272 -0.288008 0.890127 -0.0585636 1.02371 -0.0806356 1.04661 0.267725 -0.00698986 0.716697 0.0954407 0.552898 -0.507653 -0.174934 -0.655867 -0.220243 -0.919861
state127:  -0.790439 -0.146153 1.14765 -0.337377 0.0521577 -0.291799 0.893482 -0.0449971 1.03414 -0.0216167 1.04358 0.278089 -0.0485541 0.690278 0.103875 0.526381 -0.493477 -0.21988 -0.659061 -0.228384 -0.940876
state128:  -0.789345 -0.153079 1.14322 -0.326508 0.0451781 -0.295535 0.896666 -0.0314307 1.04456 0.0374023 1.04056 0.288453 -0.0901184 0.663801 0.112205 0.500101 -0.47894 -0.265798 -0.662076 -0.236717 -0.963545
state129:  -0.788252 -0.160004 1.13879 -0.315577 0.03819 -0.299214 0.89968 -0.0178642 1.05498 0.0964212 1.03753 0.298817 -0.131683 0.637266 0.120424 0.474075 -0.464034 -0.312639 -0.664868 -0.245134 -0.987839
state130:  -0.787158 -0.16693 1.13435 -0.304586 0.0311946 -0.302836 0.902521 -0.00429771 1.0654 0.15544 1.0345 0.309181 -0.173247 0.610667 0.128525 0.448319 -0.448754 -0.360349 -0.667388 -0.253532 -1.01371
state131:  -0.786064 -0.173856 1.12992 -0.293537 0.0241932 -0.3064 0.90519 0.00926877 1.07582 0.214459 1.03147 0.319545 -0.214811 0.584003 0.136504 0.422849 -0.433093 -0.408867 -0.669584 -0.261813 -1.04109
state132:  -0.78497 -0.180782 1.12549 -0.282431 0.0171872 -0.309906 0.907687 0.0228352 1.08624 0.273478 1.02845 0.32991 -0.256375 0.557271 0.144354 0.397679 -0.417048 -0.458126 -0.671404 -0.269886 -1.06992
state133:  -0.783877 -0.187708 1.12105 -0.271272 0.0101779 -0.313353 0.91001 0.0364017 1.09666 0.332497 1.02542 0.340274 -0.29794 0.530469 0.152069 0.372825 -0.400612 -0.508049 -0.672793 -0.277664 -1.10009
state134:  -0.782783 -0.194633 1.11662 -0.260061 0.00316663 -0.31674 0.912159 0.0499682 1.10708 0.391516 1.02239 0.350638 -0.339504 0.503594 0.159644 0.348299 -0.383784 -0.558553 -0.673698 -0.285066 -1.13152
state135:  -0.781689 -0.201559 1.11219 -0.2488 -0.00384521 -0.320066 0.914134 0.0635347 1.1175 0.450535 1.01936 0.361002 -0.381068 0.476645 0.167071 0.324115 -0.36656 -0.609549 -0.674066 -0.292014 -1.1641
state136:  -0.780596 -0.208485 1.10775 -0.237492 -0.0108563 -0.323331 0.915935 0.0771011 1.12792 0.509554 1.01634 0.371366 -0.422632 0.44962 0.174347 0.300284 -0.348939 -0.660939 -0.673848 -0.298433 -1.19771
state137:  -0.779502 -0.215411 1.10332 -0.226139 -0.0178654 -0.326535 0.91756 0.0906676 1.13834 0.568573 1.01331 0.38173 -0.464197 0.422517 0.181464 0.276817 -0.330919 -0.71262 -0.672998 -0.304243 -1.23224
state138:  -0.778408 -0.222337 1.09889 -0.214742 -0.024871 -0.329676 0.919011 0.104234 1.14876 0.627592 1.01028 0.392094 -0.505761 0.395335 0.188417 0.253726 -0.312499 -0.764483 -0.671474 -0.309357 -1.26756
state139:  -0.777314 -0.229262 1.09445 -0.203304 -0.0318719 -0.332754 0.920286 0.117801 1.15919 0.686611 1.00725 0.402458 -0.547325 0.368073 0.1952 0.231019 -0.293681 -0.816415 -0.669241 -0.313664 -1.30354
state140:  -0.776221 -0.236188 1.09002 -0.191828 -0.0388666 -0.335769 0.921385 0.131367 1.16961 0.74563 1.00422 0.412822 -0.58889 0.34073 0.201809 0.208706 -0.274464 -0.868298 -0.66627 -0.317007 -1.34005
state141:  -0.775127 -0.243114 1.08559 -0.180314 -0.045854 -0.338719 0.922309 0.144934 1.18003 0.804649 1.0012 0.423186 -0.630454 0.313307 0.208237 0.186794 -0.254849 -0.920017 -0.662539 -0.319128 -1.37697
state142:  -0.775127 -0.243114 1.08559 -0.180314 -0.045854 -0.338719 0.922309 0.144934 1.18003 0.804649 1.0012 0.423186 -0.630454 0.313307 0.208237 0.186794 -0.254849 -0.920017 -0.662539 -0.319128 -1.37697
state143:  -0.747246 -0.252596 1.08684 -0.173618 -0.0398801 -0.342065 0.922636 0.181309 1.18756 0.801916 0.997395 0.479355 -0.593504 0.303296 0.193574 0.133589 -0.267398 -0.948476 -0.619047 -0.73252 -1.36267
state144:  -0.719364 -0.262078 1.08809 -0.166906 -0.0339025 -0.345379 0.922879 0.217684 1.19509 0.799184 0.993593 0.535523 -0.556554 0.293456 0.178819 0.0799332 -0.279337 -0.975538 -0.575204 -1.03906 -1.31758
state145:  -0.691483 -0.27156 1.08934 -0.160178 -0.0279218 -0.348662 0.923037 0.25406 1.20262 0.796452 0.98979 0.591692 -0.519604 0.28378 0.163976 0.0258246 -0.290601 -1.0014 -0.531054 -1.23155 -1.25495
state146:  -0.663601 -0.281042 1.09059 -0.153436 -0.0219386 -0.351913 0.923111 0.290435 1.21015 0.79372 0.985988 0.64786 -0.482653 0.274265 0.149047 -0.0287319 -0.301128 -1.02623 -0.486635 -1.34943 -1.18362
state147:  -0.63572 -0.290524 1.09184 -0.14668 -0.0159533 -0.355131 0.923099 0.326811 1.21768 0.790987 0.982186 0.704029 -0.445703 0.264905 0.134035 -0.0837262 -0.310859 -1.05019 -0.44198 -1.42277 -1.10803
state148:  -0.607839 -0.300006 1.09309 -0.13991 -0.00996654 -0.358316 0.923003 0.363186 1.22521 0.788255 0.978383 0.760198 -0.408753 0.255697 0.118943 -0.139142 -0.319737 -1.07342 -0.397122 -1.46885 -1.03044
state149:  -0.579957 -0.309488 1.09434 -0.133128 -0.00397888 -0.361469 0.922822 0.399562 1.23274 0.785523 0.974581 0.816366 -0.371803 0.246636 0.103773 -0.194959 -0.327712 -1.09604 -0.352089 -1.49731 -0.9521
state150:  -0.552076 -0.31897 1.09559 -0.126333 0.00200914 -0.364589 0.922557 0.435937 1.24028 0.78279 0.970778 0.872535 -0.334853 0.237718 0.0885275 -0.251148 -0.334737 -1.11816 -0.306911 -1.51373 -0.873776
state151:  -0.524194 -0.328452 1.09685 -0.119526 0.00799697 -0.367675 0.922206 0.472313 1.24781 0.780058 0.966976 0.928704 -0.297903 0.228939 0.0732093 -0.307678 -0.340773 -1.1399 -0.261614 -1.52146 -0.796006
state152:  -0.496313 -0.337934 1.0981 -0.112709 0.0139841 -0.370727 0.921771 0.508688 1.25534 0.777326 0.963174 0.984872 -0.260953 0.220295 0.0578204 -0.36451 -0.345783 -1.16136 -0.216224 -1.5226 -0.719201
state153:  -0.468432 -0.347416 1.09935 -0.105881 0.0199699 -0.373745 0.921252 0.545063 1.26287 0.774594 0.959371 1.04104 -0.224003 0.211782 0.0423632 -0.421604 -0.349738 -1.18263 -0.170767 -1.51847 -0.643707
state154:  -0.44055 -0.356898 1.1006 -0.0990437 0.0259539 -0.376729 0.920648 0.581439 1.2704 0.771861 0.955569 1.09721 -0.187053 0.203396 0.0268398 -0.478912 -0.352616 -1.20382 -0.125269 -1.50999 -0.569833
state155:  -0.412669 -0.36638 1.10185 -0.0921971 0.0319355 -0.379679 0.919959 0.617814 1.27793 0.769129 0.951767 1.15338 -0.150103 0.195134 0.0112521 -0.536387 -0.354399 -1.225 -0.0797561 -1.49773 -0.497876
state156:  -0.384787 -0.375862 1.1031 -0.085342 0.0379141 -0.382593 0.919185 0.65419 1.28546 0.766397 0.947964 1.20955 -0.113153 0.186991 -0.00439773 -0.593978 -0.355079 -1.24628 -0.0342549 -1.48209 -0.428127
state157:  -0.356906 -0.385344 1.10435 -0.0784792 0.0438893 -0.385472 0.918328 0.690565 1.29299 0.763664 0.944162 1.26572 -0.0762024 0.178965 -0.0201078 -0.651634 -0.354652 -1.26776 0.0112063 -1.46336 -0.360879
state158:  -0.329025 -0.394826 1.1056 -0.0716091 0.0498605 -0.388316 0.917386 0.726941 1.30052 0.760932 0.940359 1.32188 -0.0392523 0.171052 -0.0358763 -0.709304 -0.353122 -1.28952 0.0565983 -1.44173 -0.296429
state159:  -0.301143 -0.404308 1.10685 -0.0647324 0.0558271 -0.391125 0.916359 0.763316 1.30805 0.7582 0.936557 1.37805 -0.00230223 0.163248 -0.0517015 -0.766937 -0.3505 -1.31166 0.10189 -1.41733 -0.235081
state160:  -0.301143 -0.404308 1.10685 -0.0647324 0.0558271 -0.391125 0.916359 0.763316 1.30805 0.7582 0.936557 1.37805 -0.00230223 0.163248 -0.0517015 -0.766937 -0.3505 -1.31166 0.10189 -1.41733 -0.235081
state161:  -0.297277 -0.398681 1.1024 -0.0604947 0.0573689 -0.390134 0.916976 0.729247 1.30046 0.765803 0.956169 1.32372 0.0299821 0.15661 -0.0580422 -0.737784 -0.343804 -1.29755 0.0989935 -1.40494 -0.208899
state162:  -0.293411 -0.393053 1.09795 -0.0562558 0.0589094 -0.389135 0.917572 0.695179 1.29287 0.773407 0.97578 1.26938 0.0622664 0.149956 -0.0643696 -0.708776 -0.336643 -1.2836 0.0958704 -1.39179 -0.181964
state163:  -0.289545 -0.387426 1.09351 -0.0520156 0.0604487 -0.388127 0.918149 0.66111 1.28528 0.78101 0.995391 1.21505 0.0945508 0.143286 -0.0706834 -0.679927 -0.329013 -1.26983 0.0925323 -1.3779 -0.15425
state164:  -0.285679 -0.381798 1.08906 -0.0477742 0.0619867 -0.387111 0.918706 0.627041 1.27768 0.788613 1.015 1.16071 0.126835 0.1366 -0.0769832 -0.651253 -0.32091 -1.25622 0.0889913 -1.36331 -0.12574
state165:  -0.281813 -0.37617 1.08461 -0.0435319 0.0635233 -0.386087 0.919242 0.592973 1.27009 0.796217 1.03461 1.10638 0.159119 0.129898 -0.0832687 -0.622769 -0.312332 -1.24277 0.0852597 -1.34801 -0.0964169
state166:  -0.277947 -0.370543 1.08016 -0.0392886 0.0650586 -0.385054 0.919759 0.558904 1.2625 0.80382 1.05423 1.05204 0.191404 0.123178 -0.0895396 -0.59449 -0.303277 -1.22947 0.0813495 -1.33203 -0.0662743
state167:  -0.274081 -0.364915 1.07571 -0.0350444 0.0665924 -0.384013 0.920256 0.524835 1.25491 0.811424 1.07384 0.997709 0.223688 0.11644 -0.0957956 -0.566429 -0.293744 -1.21632 0.0772726 -1.31536 -0.0353091
state168:  -0.270215 -0.359287 1.07126 -0.0307995 0.0681248 -0.382964 0.920733 0.490766 1.24731 0.819027 1.09345 0.943374 0.255972 0.109684 -0.102036 -0.538599 -0.283733 -1.20331 0.073041 -1.29799 -0.00352408
state169:  -0.266349 -0.35366 1.06681 -0.0265539 0.0696558 -0.381906 0.92119 0.456698 1.23972 0.826631 1.11306 0.889039 0.288257 0.102909 -0.108262 -0.511012 -0.273245 -1.19043 0.0686666 -1.27991 0.0290725
state170:  -0.262484 -0.348032 1.06236 -0.0223078 0.0711852 -0.38084 0.921627 0.422629 1.23213 0.834234 1.13267 0.834704 0.320541 0.0961151 -0.114471 -0.483679 -0.26228 -1.17768 0.064161 -1.2611 0.0624667
state171:  -0.258618 -0.342404 1.05791 -0.0180611 0.072713 -0.379765 0.922044 0.38856 1.22454 0.841837 1.15228 0.78037 0.352826 0.0893012 -0.120664 -0.45661 -0.250842 -1.16505 0.0595357 -1.24151 0.0966393
state172:  -0.254752 -0.336777 1.05346 -0.0138141 0.0742393 -0.378683 0.922441 0.354492 1.21694 0.849441 1.17189 0.726035 0.38511 0.0824668 -0.12684 -0.429816 -0.238933 -1.15253 0.0548022 -1.2211 0.131565
state173:  -0.250886 -0.331149 1.04901 -0.00956673 0.075764 -0.377592 0.922818 0.320423 1.20935 0.857044 1.19151 0.6717 0.417394 0.0756116 -0.133 -0.403304 -0.226557 -1.14012 0.0499715 -1.19982 0.167214
state174:  -0.24702 -0.325521 1.04457 -0.00531918 0.077287 -0.376493 0.923175 0.286354 1.20176 0.864648 1.21112 0.617365 0.449679 0.068735 -0.139142 -0.377082 -0.213717 -1.1278 0.0450546 -1.17759 0.203549
state175:  -0.243154 -0.319894 1.04012 -0.00107152 0.0788084 -0.375386 0.923511 0.252285 1.19417 0.872251 1.23073 0.56303 0.481963 0.0618366 -0.145267 -0.351156 -0.20042 -1.11556 0.0400622 -1.15433 0.240527
state176:  -0.239288 -0.314266 1.03567 0.00317617 0.080328 -0.374271 0.923828 0.218217 1.18657 0.879854 1.25034 0.508696 0.514247 0.0549157 -0.151374 -0.325533 -0.18667 -1.10341 0.0350047 -1.12995 0.278098
state177:  -0.235422 -0.308638 1.03122 0.00742378 0.0818459 -0.373147 0.924125 0.184148 1.17898 0.887458 1.26995 0.454361 0.546532 0.0479719 -0.157462 -0.300217 -0.172473 -1.09132 0.0298925 -1.10432 0.316204
state178:  -0.231556 -0.303011 1.02677 0.0116712 0.0833621 -0.372016 0.924402 0.150079 1.17139 0.895061 1.28956 0.400026 0.578816 0.0410046 -0.163532 -0.275211 -0.157835 -1.07929 0.0247354 -1.07731 0.354781
state179:  -0.22769 -0.297383 1.02232 0.0159184 0.0848764 -0.370876 0.924658 0.116011 1.1638 0.902665 1.30918 0.345691 0.6111 0.0340134 -0.169583 -0.250518 -0.142763 -1.06731 0.019543 -1.04878 0.393752
state180:  -0.223824 -0.291755 1.01787 0.0201653 0.0863889 -0.369729 0.924895 0.081942 1.1562 0.910268 1.32879 0.291356 0.643385 0.0269978 -0.175614 -0.226141 -0.127264 -1.05537 0.0143247 -1.01853 0.433032
state181:  -0.219958 -0.286128 1.01342 0.0244117 0.0878995 -0.368573 0.925112 0.0478733 1.14861 0.917871 1.3484 0.237021 0.675669 0.0199572 -0.181626 -0.202079 -0.111345 -1.04347 0.0090896 -0.986363 0.472524
state182:  -0.216092 -0.2805 1.00897 0.0286576 0.0894082 -0.36741 0.925308 0.0138046 1.14102 0.925475 1.36801 0.182687 0.707953 0.0128912 -0.187617 -0.178334 -0.0950152 -1.03159 0.00384635 -0.952047 0.512113
state183:  -0.212226 -0.274872 1.00452 0.0329029 0.0909149 -0.366238 0.925485 -0.0202641 1.13343 0.933078 1.38762 0.128352 0.740238 0.00579916 -0.193588 -0.154905 -0.0782812 -1.01972 -0.00139662 -0.915313 0.551672
state184:  -0.20836 -0.269245 1.00007 0.0371474 0.0924197 -0.365058 0.925641 -0.0543329 1.12583 0.940682 1.40723 0.0740171 0.772522 -0.00131933 -0.199538 -0.13179 -0.0611516 -1.00786 -0.00663127 -0.875859 0.591052
state185:  -0.204494 -0.263617 0.995625 0.0413912 0.0939225 -0.363871 0.925777 -0.0884016 1.11824 0.948285 1.42684 0.0196823 0.804806 -0.00846481 -0.205467 -0.108986 -0.0436347 -0.995998 -0.0118499 -0.833345 0.630079
state186:  -0.200628 -0.257989 0.991176 0.045634 0.0954232 -0.362676 0.925893 -0.12247 1.11065 0.955889 1.44646 -0.0346525 0.837091 -0.0156378 -0.211375 -0.0864913 -0.0257393 -0.984122 -0.0170451 -0.78739 0.668556
state187:  -0.196762 -0.252362 0.986727 0.0498759 0.0969219 -0.361472 0.925989 -0.156539 1.10306 0.963492 1.46607 -0.0889874 0.869375 -0.0228387 -0.21726 -0.0643015 -0.00747387 -0.972226 -0.0222099 -0.737577 0.706252
state188:  -0.192896 -0.246734 0.982278 0.0541167 0.0984185 -0.360261 0.926065 -0.190608 1.09546 0.971095 1.48568 -0.143322 0.901659 -0.0300681 -0.223123 -0.0424122 0.0111527 -0.960301 -0.0273377 -0.683454 0.742898
state189:  -0.18903 -0.241106 0.977828 0.0583563 0.0999129 -0.359043 0.926121 -0.224676 1.08787 0.978699 1.50529 -0.197657 0.933944 -0.0373266 -0.228963 -0.0208183 0.0301315 -0.948339 -0.0324223 -0.624548 0.778186
state190:  -0.185164 -0.235479 0.973379 0.0625946 0.101405 -0.357816 0.926157 -0.258745 1.08028 0.986302 1.5249 -0.251992 0.966228 -0.0446145 -0.23478 0.000485833 0.0494536 -0.936333 -0.0374577 -0.560381 0.811761
state191:  -0.185164 -0.235479 0.973379 0.0625946 0.101405 -0.357816 0.926157 -0.258745 1.08028 0.986302 1.5249 -0.251992 0.966228 -0.0446145 -0.23478 0.000485833 0.0494536 -0.936333 -0.0374577 -0.560381 0.811761
state192:  -0.177758 -0.22606 0.970444 0.0602095 0.0975412 -0.344182 0.93188 -0.248395 1.09987 0.94685 1.52671 -0.241912 0.990379 -0.0462556 -0.225136 4.68869e-05 0.0506232 -0.895751 -0.0344763 -0.49364 0.798253
state193:  -0.170351 -0.21664 0.967509 0.05781 0.0936539 -0.330465 0.937379 -0.238045 1.11946 0.907398 1.52851 -0.231832 1.01453 -0.0475991 -0.21545 -0.000177488 0.0515904 -0.85537 -0.0317496 -0.430886 0.780892
state194:  -0.162944 -0.207221 0.964574 0.0553966 0.0897442 -0.316669 0.942655 -0.227696 1.13904 0.867946 1.53031 -0.221753 1.03868 -0.0486459 -0.205729 -0.000207439 0.0523393 -0.815203 -0.0292665 -0.372549 0.760055
state195:  -0.155538 -0.197802 0.961639 0.05297 0.0858131 -0.302798 0.947704 -0.217346 1.15863 0.828494 1.53212 -0.211673 1.06283 -0.0493971 -0.195981 -6.40901e-05 0.052855 -0.775267 -0.0270145 -0.31887 0.736133
state196:  -0.148131 -0.188383 0.958703 0.0505308 0.0818614 -0.288854 0.952528 -0.206996 1.17822 0.789042 1.53392 -0.201593 1.08698 -0.0498541 -0.186217 0.000230538 0.0531244 -0.735573 -0.0249801 -0.26993 0.709515
state197:  -0.140725 -0.178964 0.955768 0.0480794 0.0778901 -0.274841 0.957123 -0.196646 1.19781 0.74959 1.53573 -0.191514 1.11113 -0.0500181 -0.176443 0.000653617 0.0531355 -0.696134 -0.0231479 -0.225682 0.680575
state198:  -0.133318 -0.169545 0.952833 0.0456165 0.0739002 -0.260762 0.961489 -0.186296 1.2174 0.710138 1.53753 -0.181434 1.13528 -0.0498906 -0.166669 0.00118159 0.052878 -0.656961 -0.0215018 -0.185983 0.649666
state199:  -0.125912 -0.160126 0.949898 0.0431427 0.0698926 -0.246621 0.965625 -0.175947 1.23699 0.670685 1.53933 -0.171354 1.15944 -0.0494731 -0.156903 0.00179029 0.052343 -0.618063 -0.020024 -0.150632 0.617109
state200:  -0.118505 -0.150706 0.946963 0.0406586 0.0658682 -0.232421 0.96953 -0.165597 1.25658 0.631233 1.54114 -0.161275 1.18359 -0.0487674 -0.147153 0.00245498 0.0515233 -0.579447 -0.0186961 -0.119388 0.583197
state201:  -0.111098 -0.141287 0.944028 0.0381648 0.0618281 -0.218165 0.973203 -0.155247 1.27617 0.591781 1.54294 -0.151195 1.20774 -0.0477751 -0.137427 0.00315052 0.0504132 -0.541121 -0.0174984 -0.0919961 0.548192
state202:  -0.103692 -0.131868 0.941092 0.0356618 0.0577733 -0.203857 0.976644 -0.144897 1.29576 0.552329 1.54474 -0.141115 1.23189 -0.0464982 -0.127735 0.00385143 0.0490084 -0.503089 -0.0164103 -0.0681959 0.512328
state203:  -0.0962853 -0.122449 0.938157 0.0331503 0.0537046 -0.189501 0.97985 -0.134547 1.31534 0.512877 1.54655 -0.131036 1.25604 -0.0449386 -0.118083 0.00453196 0.0473067 -0.465354 -0.0154105 -0.0477354 0.475809
state204:  -0.0888788 -0.11303 0.935222 0.0306309 0.049623 -0.175099 0.982822 -0.124198 1.33493 0.473425 1.54835 -0.120956 1.28019 -0.0430983 -0.108481 0.00516627 0.0453072 -0.427917 -0.0144769 -0.030375 0.438818
state205:  -0.0814722 -0.103611 0.932287 0.0281042 0.0455296 -0.160655 0.985559 -0.113848 1.35452 0.433973 1.55016 -0.110876 1.30434 -0.0409794 -0.0989357 0.00572846 0.0430106 -0.390777 -0.0135869 -0.0158918 0.401514
state206:  -0.0740656 -0.0941915 0.929352 0.0255707 0.0414253 -0.146172 0.988061 -0.103498 1.37411 0.394521 1.55196 -0.100797 1.32849 -0.0385841 -0.0894561 0.00619268 0.0404196 -0.353934 -0.0127175 -0.00408072 0.364036
state207:  -0.0666591 -0.0847724 0.926417 0.0230311 0.037311 -0.131655 0.990325 -0.0931482 1.3937 0.355069 1.55376 -0.090717 1.35264 -0.0359149 -0.0800499 0.00653328 0.0375381 -0.317381 -0.0118453 0.00524466 0.326505
state208:  -0.0592525 -0.0753532 0.923481 0.020486 0.0331879 -0.117106 0.992353 -0.0827984 1.41329 0.315617 1.55557 -0.0806374 1.37679 -0.032974 -0.0707252 0.00672484 0.034372 -0.281115 -0.0109465 0.0122528 0.289029
state209:  -0.051846 -0.0659341 0.920546 0.017936 0.0290568 -0.102529 0.994144 -0.0724486 1.43288 0.276165 1.55737 -0.0705577 1.40094 -0.0297641 -0.0614899 0.00674231 0.0309286 -0.245126 -0.00999754 0.017095 0.251698
state210:  -0.0444394 -0.0565149 0.917611 0.0153817 0.0249187 -0.0879277 0.995696 -0.0620988 1.45247 0.236713 1.55918 -0.060478 1.42509 -0.0262879 -0.0523519 0.00656108 0.0272167 -0.209407 -0.00897473 0.0199065 0.214595
state211:  -0.0370328 -0.0470958 0.914676 0.0128237 0.0207747 -0.0733053 0.997011 -0.051749 1.47206 0.19726 1.56098 -0.0503984 1.44925 -0.0225479 -0.0433189 0.00615707 0.023247 -0.173945 -0.00785459 0.0208077 0.177787
state212:  -0.0296263 -0.0376766 0.911741 0.0102626 0.0166258 -0.0586653 0.998086 -0.0413992 1.49164 0.157808 1.56278 -0.0403187 1.4734 -0.0185473 -0.0343988 0.00550681 0.0190313 -0.138729 -0.00661395 0.0199057 0.141335
state213:  -0.0222197 -0.0282575 0.908806 0.00769912 0.0124728 -0.0440112 0.998924 -0.0310494 1.51123 0.118356 1.56459 -0.030239 1.49755 -0.0142889 -0.0255992 0.00458754 0.0145832 -0.103743 -0.00523004 0.0172953 0.10529
state214:  -0.0148131 -0.0188383 0.90587 0.00513377 0.00831686 -0.0293467 0.999522 -0.0206996 1.53082 0.0789042 1.56639 -0.0201593 1.5217 -0.00977603 -0.0169279 0.00337726 0.00991752 -0.0689711 -0.00368065 0.01306 0.0696957
state215:  -0.00740656 -0.00941915 0.902935 0.00256719 0.00415893 -0.0146751 0.99988 -0.0103498 1.55041 0.0394521 1.5682 -0.0100797 1.54585 -0.0050119 -0.00839231 0.00185483 0.00505058 -0.0343966 -0.00194423 0.00727343 0.0345887
state216:  0 0 0.9 0 0 0 1 0 1.57 0 1.57 0 1.57 -0 0 -0 0 -0 0 -0 0
end
