start_state: -0.5 0 0 0 0 1 0.000796327 0 1.57 0 1.57 0 1.57 -0 0 -0 0 -0 0 -0 0
goal_state: 0.5 0 0.8 0 0 0 1 0 1.57 0 1.57 0 1.57 1.63042e-322 3.97377e+150 6.21833e+175 3.28401e-317 1.63042e-322 7.35153e-317 7.3514e-317 0
states: 177
planning_mode: 2
locomotion_mode: 0
planning_time: 391.684
motion_cost: 7.99755
minimum_var: 0.42697
minimum_var_state_entry: 83
maximum_force : 20.9774
maximum_force_state_entry: 83
state0: -0.5 0 0 0 0 1 0.000796327 0 1.57 0 1.57 0 1.57 -0 0 -0 0 -0 0 -0 0 0.5 20.5815
state1: -0.5 0 0 0 0 1 0.000796327 0 1.57 0 1.57 0 1.57 -0 0 -0 0 -0 0 -0 0 0.5 20.5815
state2: -0.5 0 0 0 0 1 0.000796327 0 1.57 0 1.57 0 1.57 -0 0 -0 0 -0 0 -0 0 0.5 20.5815
state3: -0.47624 -0.0030253 0 0 0 0.999944 0.0106079 0.00116443 1.55634 0.00119811 1.5586 -0.000737176 1.55009 -0 0 -0.00116431 -1.68281e-05 -0.00122904 0.00114941 0.00186074 0.00126783 0.500635 20.6014
state4: -0.452481 -0.00605061 0 0 0 0.999792 0.0204185 0.00232886 1.54269 0.00239621 1.5472 -0.00147435 1.53019 -0 0 -0.00232794 -6.54515e-05 -0.0025159 0.00226922 0.00363835 0.0026658 0.501145 20.6205
state5: -0.428721 -0.00907591 0 0 0 0.999543 0.0302271 0.00349329 1.52903 0.00359432 1.5358 -0.00221153 1.51028 -0 0 -0.00349025 -0.000145852 -0.00385999 0.00335725 0.00532517 0.0041897 0.501533 20.6388
state6: -0.404962 -0.0121012 0 0 0 0.999198 0.0400328 0.00465772 1.51538 0.00479242 1.5244 -0.00294871 1.49037 -0 0 -0.00465057 -0.000257999 -0.00526066 0.00441135 0.00691372 0.00583489 0.501799 20.6562
state7: -0.381202 -0.0151265 0 0 0 0.998757 0.0498347 0.00582215 1.50172 0.00599053 1.513 -0.00368588 1.47047 -0 0 -0.00580827 -0.000401849 -0.00671719 0.00542935 0.00839674 0.00759631 0.501944 20.6728
state8: -0.357443 -0.0181518 0 0 0 0.99822 0.0596318 0.00698658 1.48806 0.00718863 1.50161 -0.00442306 1.45056 -0 0 -0.00696269 -0.00057735 -0.00822878 0.00640913 0.00976723 0.00946849 0.501966 20.6887
state9: -0.333683 -0.0211771 0 0 0 0.997587 0.0694231 0.00815101 1.47441 0.00838674 1.49021 -0.00516024 1.43065 -0 0 -0.00811318 -0.000784435 -0.00979455 0.00734855 0.0110184 0.0114456 0.501867 20.7039
state10: -0.309923 -0.0242024 0 0 0 0.996858 0.0792077 0.00931544 1.46075 0.00958484 1.47881 -0.00589741 1.41075 -0 0 -0.0092591 -0.00102303 -0.0114136 0.00824554 0.0121439 0.0135213 0.501646 20.7183
state11: -0.286164 -0.0272277 0 0 0 0.996033 0.0889847 0.0104799 1.4471 0.0107829 1.46741 -0.00663459 1.39084 -0 0 -0.0103998 -0.00129303 -0.0130848 0.00909801 0.0131375 0.015689 0.501303 20.7321
state12: -0.262404 -0.030253 0 0 0 0.995112 0.0987532 0.0116443 1.43344 0.0119811 1.45601 -0.00737176 1.37093 -0 0 -0.0115346 -0.00159435 -0.0148072 0.00990391 0.0139934 0.0179417 0.500839 20.7453
state13: -0.238645 -0.0332783 0 0 0 0.994095 0.108512 0.0128087 1.41978 0.0131792 1.44461 -0.00810894 1.35103 -0 0 -0.012663 -0.00192688 -0.0165796 0.0106612 0.014706 0.0202721 0.500253 20.7579
state14: -0.214885 -0.0363036 0 0 0 0.992983 0.118261 0.0139732 1.40613 0.0143773 1.43321 -0.00884612 1.33112 -0 0 -0.0137842 -0.00229047 -0.0184008 0.011368 0.0152704 0.0226725 0.499546 20.7699
state15: -0.191126 -0.0393289 0 0 0 0.991774 0.127998 0.0151376 1.39247 0.0155754 1.42181 -0.00958329 1.31121 -0 0 -0.0148976 -0.00268501 -0.0202694 0.0120222 0.0156817 0.025135 0.498719 20.7814
state16: -0.167366 -0.0423542 0 0 0 0.990471 0.137722 0.016302 1.37882 0.0167735 1.41041 -0.0103205 1.29131 -0 0 -0.0160026 -0.00311034 -0.0221842 0.012622 0.0159357 0.0276512 0.497772 20.7923
state17: -0.143607 -0.0453795 0 0 0 0.989072 0.147434 0.0174665 1.36516 0.0179716 1.39901 -0.0110576 1.2714 -0 0 -0.0170985 -0.00356629 -0.0241437 0.0131654 0.0160284 0.0302128 0.496706 20.8028
state18: -0.119847 -0.0484048 0 0 0 0.987578 0.157131 0.0186309 1.3515 0.0191697 1.38762 -0.0117948 1.25149 -0 0 -0.0181848 -0.00405271 -0.0261464 0.0136507 0.0159564 0.0328109 0.495521 20.8129
state19: -0.0960874 -0.0514302 0 0 0 0.985988 0.166814 0.0197953 1.33785 0.0203678 1.37622 -0.012532 1.23159 -0 0 -0.0192608 -0.0045694 -0.0281908 0.0140759 0.0157165 0.0354365 0.494217 20.8225
state20: -0.0723279 -0.0544555 0 0 0 0.984304 0.17648 0.0209598 1.32419 0.0215659 1.36482 -0.0132692 1.21168 -0 0 -0.0203258 -0.00511616 -0.0302752 0.0144394 0.0153063 0.0380805 0.492797 20.8317
state21: -0.0485683 -0.0574808 0 0 0 0.982525 0.186129 0.0221242 1.31054 0.022764 1.35342 -0.0140064 1.19177 -0 0 -0.0213793 -0.00569281 -0.0323979 0.0147395 0.0147236 0.0407334 0.491259 20.8406
state22: -0.0248087 -0.0605061 0 0 0 0.980652 0.19576 0.0232886 1.29688 0.0239621 1.34202 -0.0147435 1.17187 -0 0 -0.0224207 -0.00629911 -0.0345573 0.0149744 0.0139668 0.0433858 0.489606 20.8491
state23: -0.00104917 -0.0635314 0 0 0 0.978684 0.205372 0.024453 1.28323 0.0251602 1.33062 -0.0154807 1.15196 -0 0 -0.0234493 -0.00693484 -0.0367515 0.0151425 0.0130348 0.0460279 0.487837 20.8573
state24: 0.0227104 -0.0665567 0 0 0 0.976622 0.214965 0.0256175 1.26957 0.0263583 1.31922 -0.0162179 1.13205 -0 0 -0.0244645 -0.00759975 -0.0389787 0.0152423 0.0119269 0.04865 0.485955 20.8652
state25: 0.04647 -0.069582 0 0 0 0.974466 0.224537 0.0267819 1.25591 0.0275564 1.30782 -0.0169551 1.11215 -0 0 -0.0254657 -0.0082936 -0.041237 0.0152723 0.0106431 0.0512422 0.483959 20.8728
state26: 0.0702295 -0.0726073 0 0 0 0.972216 0.234087 0.0279463 1.24226 0.0287545 1.29642 -0.0176922 1.09224 -0 0 -0.0264523 -0.00901613 -0.0435243 0.0152309 0.00918365 0.0537946 0.481852 20.8802
state27: 0.0939891 -0.0756326 0 0 0 0.969872 0.243615 0.0291108 1.2286 0.0299526 1.28502 -0.0184294 1.07233 -0 0 -0.0274238 -0.00976706 -0.0458387 0.0151168 0.00754959 0.0562974 0.479633 20.8874
state28: 0.117749 -0.0786579 0 0 0 0.967435 0.253119 0.0302752 1.21495 0.0311507 1.27362 -0.0191666 1.05243 -0 0 -0.0283795 -0.0105461 -0.0481781 0.0149287 0.00574235 0.0587405 0.477305 20.8943
state29: 0.141508 -0.0816832 0 0 0 0.964905 0.262599 0.0314396 1.20129 0.0323488 1.26223 -0.0199038 1.03252 -0 0 -0.0293189 -0.011353 -0.0505404 0.0146652 0.00376393 0.061114 0.474867 20.9011
state30: 0.165268 -0.0847085 0 0 0 0.962282 0.272054 0.0326041 1.18763 0.033547 1.25083 -0.0206409 1.01261 -0 0 -0.0302413 -0.0121874 -0.0529234 0.0143251 0.00161686 0.0634081 0.472322 20.9077
state31: 0.189027 -0.0877338 0 0 0 0.959566 0.281482 0.0337685 1.17398 0.0347451 1.23943 -0.0213781 0.992707 -0 0 -0.0311463 -0.0130489 -0.0553249 0.0139072 -0.000695788 0.0656129 0.469671 20.9141
state32: 0.212787 -0.0907591 0 0 0 0.956758 0.290884 0.0349329 1.16032 0.0359432 1.22803 -0.0221153 0.9728 -0 0 -0.0320332 -0.0139374 -0.0577427 0.0134106 -0.00317041 0.0677189 0.466914 20.9205
state33: 0.236546 -0.0937844 0 0 0 0.953858 0.300257 0.0360973 1.14667 0.0371413 1.21663 -0.0228525 0.952894 -0 0 -0.0329014 -0.0148524 -0.0601744 0.012834 -0.00580285 0.0697165 0.464053 20.9267
state34: 0.260306 -0.0968097 0 0 0 0.950866 0.309602 0.0372618 1.13301 0.0383394 1.20523 -0.0235896 0.932987 -0 0 -0.0337505 -0.0157936 -0.0626177 0.0121766 -0.00858844 0.0715962 0.461089 20.9328
state35: 0.284066 -0.099835 0 0 0 0.947783 0.318916 0.0384262 1.11935 0.0395375 1.19383 -0.0243268 0.913081 -0 0 -0.0345799 -0.0167606 -0.0650703 0.0114375 -0.011522 0.073349 0.458024 20.9388
state36: 0.284066 -0.099835 0 0 0 0.947783 0.318916 0.0384262 1.11935 0.0395375 1.19383 -0.0243268 0.913081 -0 0 -0.0345799 -0.0167606 -0.0650703 0.0114375 -0.011522 0.073349 0.458024 20.9388
state37: 0.297691 -0.118409 0 0 0 0.943011 0.332762 0.0397796 1.12395 0.0303919 1.19844 -0.0168779 0.909071 -0 0 -0.0358773 -0.017186 -0.0573693 0.0161117 -0.00924836 0.0655274 0.459374 20.9368
state38: 0.311317 -0.136984 0 0 0 0.938037 0.346536 0.041133 1.12855 0.0212463 1.20305 -0.00942897 0.905062 -0 0 -0.0371795 -0.0175998 -0.0496184 0.0207249 -0.00693638 0.0576447 0.460708 20.9349
state39: 0.324943 -0.155558 0 0 0 0.932861 0.360236 0.0424864 1.13314 0.0121007 1.20766 -0.00198004 0.901052 -0 0 -0.0384861 -0.0180019 -0.0418174 0.0252764 -0.0045849 0.0497017 0.462027 20.933
state40: 0.338568 -0.174133 0 0 0 0.927486 0.373858 0.0438397 1.13774 0.00295506 1.21227 0.00546888 0.897043 -0 0 -0.0397973 -0.0183923 -0.0339665 0.0297657 -0.00219279 0.0416994 0.46333 20.9312
state41: 0.352194 -0.192707 0 0 0 0.921912 0.3874 0.0451931 1.14234 -0.00619055 1.21688 0.0129178 0.893033 -0 0 -0.0411128 -0.0187711 -0.0260658 0.0341919 0.000241146 0.0336386 0.464616 20.9294
state42: 0.365819 -0.211281 0 0 0 0.916139 0.40086 0.0465465 1.14693 -0.0153362 1.22149 0.0203667 0.889024 -0 0 -0.0424327 -0.0191381 -0.0181153 0.0385545 0.00271811 0.0255201 0.465884 20.9277
state43: 0.379445 -0.229856 0 0 0 0.910171 0.414233 0.0478999 1.15153 -0.0244818 1.2261 0.0278157 0.885015 -0 0 -0.0437567 -0.0194934 -0.010115 0.0428527 0.00523937 0.017345 0.467133 20.926
state44: 0.393071 -0.24843 0 0 0 0.904007 0.427517 0.0492533 1.15613 -0.0336274 1.23071 0.0352646 0.881005 -0 0 -0.045085 -0.0198368 -0.00206525 0.047086 0.00780619 0.00911415 0.468364 20.9244
state45: 0.406696 -0.267005 0 0 0 0.897649 0.44071 0.0506067 1.16072 -0.042773 1.23532 0.0427135 0.876996 -0 0 -0.0464173 -0.0201684 0.006034 0.0512535 0.0104199 0.000828518 0.469575 20.9229
state46: 0.420322 -0.285579 0 0 0 0.891099 0.453808 0.0519601 1.16532 -0.0519186 1.23992 0.0501624 0.872986 -0 0 -0.0477535 -0.0204882 0.0141825 0.0553548 0.0130818 -0.00751091 0.470766 20.9214
state47: 0.433948 -0.304153 0 0 0 0.884358 0.466809 0.0533134 1.16992 -0.0610642 1.24453 0.0576114 0.868977 -0 0 -0.0490937 -0.020796 0.0223802 0.0593891 0.0157934 -0.0159031 0.471936 20.9199
state48: 0.447573 -0.322728 0 0 0 0.877427 0.47971 0.0546668 1.17451 -0.0702098 1.24914 0.0650603 0.864968 -0 0 -0.0504378 -0.021092 0.0306268 0.0633559 0.0185561 -0.0243471 0.473084 20.9186
state49: 0.461199 -0.341302 0 0 0 0.870308 0.492508 0.0560202 1.17911 -0.0793554 1.25375 0.0725092 0.860958 -0 0 -0.0517855 -0.021376 0.0389221 0.0672544 0.0213713 -0.0328418 0.474209 20.9173
state50: 0.461199 -0.341302 0 0 0 0.870308 0.492508 0.0560202 1.17911 -0.0793554 1.25375 0.0725092 0.860958 -0 0 -0.0517855 -0.021376 0.0389221 0.0672544 0.0213713 -0.0328418 0.474209 20.9173
state51: 0.456477 -0.355005 0 0 0 0.862622 0.505848 0.0568747 1.17634 -0.0791527 1.24723 0.0692392 0.854673 -0 0 -0.0525155 -0.0218473 0.0376089 0.0679834 0.0237279 -0.0290947 0.47307 20.9188
state52: 0.451756 -0.368709 0 0 0 0.854732 0.519069 0.0577293 1.17357 -0.07895 1.24071 0.0659692 0.848388 -0 0 -0.0532432 -0.0223227 0.0362846 0.0686947 0.0260178 -0.0253231 0.471912 20.9204
state53: 0.447034 -0.382412 0 0 0 0.84664 0.532166 0.0585838 1.1708 -0.0787473 1.23419 0.0626991 0.842103 -0 0 -0.0539687 -0.0228023 0.0349493 0.0693881 0.0282408 -0.0215278 0.470734 20.922
state54: 0.442313 -0.396115 0 0 0 0.838347 0.545138 0.0594383 1.16803 -0.0785446 1.22767 0.0594291 0.835818 -0 0 -0.054692 -0.0232861 0.0336032 0.0700634 0.0303969 -0.0177101 0.469537 20.9236
state55: 0.437591 -0.409818 0 0 0 0.829855 0.55798 0.0602929 1.16526 -0.0783419 1.22115 0.0561591 0.829533 -0 0 -0.055413 -0.023774 0.0322466 0.0707205 0.032486 -0.013871 0.468321 20.9253
state56: 0.43287 -0.423522 0 0 0 0.821166 0.570689 0.0611474 1.16249 -0.0781393 1.21463 0.052889 0.823248 -0 0 -0.0561318 -0.0242661 0.0308797 0.0713592 0.0345081 -0.0100116 0.467087 20.9269
state57: 0.428148 -0.437225 0 0 0 0.812283 0.583264 0.0620019 1.15972 -0.0779366 1.20811 0.049619 0.816963 -0 0 -0.0568483 -0.0247624 0.0295027 0.0719794 0.036463 -0.00613298 0.465833 20.9285
state58: 0.423427 -0.450928 0 0 0 0.803207 0.5957 0.0628564 1.15695 -0.0777339 1.20159 0.046349 0.810678 -0 0 -0.0575624 -0.0252627 0.0281158 0.072581 0.0383508 -0.00223615 0.464561 20.9302
state59: 0.418705 -0.464631 0 0 0 0.793941 0.607995 0.063711 1.15418 -0.0775312 1.19507 0.0430789 0.804392 -0 0 -0.0582743 -0.0257672 0.0267193 0.0731638 0.0401714 0.00167778 0.463269 20.9318
state60: 0.413984 -0.478335 0 0 0 0.784486 0.620146 0.0645655 1.15141 -0.0773285 1.18855 0.0398089 0.798107 -0 0 -0.0589838 -0.0262758 0.0253133 0.0737277 0.0419249 0.00560774 0.46196 20.9335
state61: 0.409262 -0.492038 0 0 0 0.774846 0.63215 0.06542 1.14864 -0.0771258 1.18203 0.0365389 0.791822 -0 0 -0.059691 -0.0267885 0.0238982 0.0742726 0.0436112 0.00955269 0.460632 20.9352
state62: 0.404541 -0.505741 0 0 0 0.765022 0.644004 0.0662746 1.14587 -0.0769231 1.17551 0.0332688 0.785537 -0 0 -0.0603957 -0.0273053 0.0224741 0.0747983 0.0452305 0.0135115 0.459285 20.9369
state63: 0.399819 -0.519445 0 0 0 0.755016 0.655706 0.0671291 1.1431 -0.0767204 1.16899 0.0299988 0.779252 -0 0 -0.0610981 -0.0278261 0.0210413 0.0753047 0.0467826 0.0174833 0.457921 20.9386
state64: 0.395098 -0.533148 0 0 0 0.744832 0.667252 0.0679836 1.14033 -0.0765178 1.16246 0.0267288 0.772967 -0 0 -0.0617981 -0.0283511 0.0195999 0.0757917 0.0482678 0.0214668 0.456538 20.9403
state65: 0.390376 -0.546851 0 0 0 0.734471 0.67864 0.0688381 1.13756 -0.0763151 1.15594 0.0234587 0.766682 -0 0 -0.0624957 -0.0288801 0.0181504 0.0762592 0.0496859 0.0254611 0.455137 20.9421
state66: 0.385655 -0.560554 0 0 0 0.723936 0.689867 0.0696927 1.13479 -0.0761124 1.14942 0.0201887 0.760397 -0 0 -0.0631909 -0.0294132 0.0166928 0.076707 0.0510372 0.0294651 0.453718 20.9438
state67: 0.380933 -0.574258 0 0 0 0.71323 0.70093 0.0705472 1.13202 -0.0759097 1.1429 0.0169187 0.754112 -0 0 -0.0638836 -0.0299503 0.0152274 0.0771351 0.0523217 0.0334778 0.452282 20.9456
state68: 0.376212 -0.587961 0 0 0 0.702354 0.711828 0.0714017 1.12925 -0.075707 1.13638 0.0136486 0.747827 -0 0 -0.0645738 -0.0304914 0.0137545 0.0775432 0.0535396 0.0374981 0.450827 20.9474
state69: 0.37149 -0.601664 0 0 0 0.691312 0.722556 0.0722563 1.12648 -0.0755043 1.12986 0.0103786 0.741542 -0 0 -0.0652615 -0.0310366 0.0122743 0.0779314 0.0546908 0.041525 0.449355 20.9493
state70: 0.366769 -0.615367 0 0 0 0.680106 0.733114 0.0731108 1.12371 -0.0753016 1.12334 0.00710858 0.735257 -0 0 -0.0659468 -0.0315857 0.010787 0.0782996 0.0557756 0.0455575 0.447866 20.9511
state71: 0.362047 -0.629071 0 0 0 0.668739 0.743497 0.0739653 1.12094 -0.0750989 1.11682 0.00383855 0.728971 -0 0 -0.0666295 -0.0321389 0.00929295 0.0786475 0.0567941 0.0495946 0.446359 20.953
state72: 0.357326 -0.642774 0 0 0 0.657213 0.753705 0.0748198 1.11817 -0.0748963 1.1103 0.000568518 0.722686 -0 0 -0.0673097 -0.0326961 0.00779234 0.0789751 0.0577465 0.0536352 0.444835 20.9549
state73: 0.352604 -0.656477 0 0 0 0.645532 0.763733 0.0756744 1.1154 -0.0746936 1.10378 -0.00270151 0.716401 -0 0 -0.0679873 -0.0332573 0.00628542 0.0792823 0.0586328 0.0576783 0.443294 20.9568
state74: 0.347883 -0.67018 0 0 0 0.633697 0.773581 0.0765289 1.11263 -0.0744909 1.09726 -0.00597155 0.710116 -0 0 -0.0686623 -0.0338224 0.00477244 0.0795691 0.0594534 0.0617229 0.441736 20.9587
state75: 0.343161 -0.683884 0 0 0 0.621713 0.783245 0.0773834 1.10986 -0.0742882 1.09074 -0.00924158 0.703831 -0 0 -0.0693348 -0.0343915 0.00325365 0.0798353 0.0602083 0.0657681 0.440161 20.9607
state76: 0.338439 -0.697587 0 0 0 0.609581 0.792724 0.078238 1.10709 -0.0740855 1.08422 -0.0125116 0.697546 -0 0 -0.0700047 -0.0349645 0.00172932 0.0800808 0.0608978 0.0698128 0.438569 20.9627
state77: 0.333718 -0.71129 0 0 0 0.597304 0.802015 0.0790925 1.10432 -0.0738828 1.0777 -0.0157816 0.691261 -0 0 -0.070672 -0.0355415 0.000199686 0.0803056 0.061522 0.0738561 0.436961 20.9647
state78: 0.328996 -0.724994 0 0 0 0.584886 0.811116 0.079947 1.10155 -0.0736801 1.07118 -0.0190517 0.684976 -0 0 -0.0713366 -0.0361224 -0.00133499 0.0805095 0.0620813 0.0778969 0.435336 20.9667
state79: 0.324275 -0.738697 0 0 0 0.572329 0.820024 0.0808015 1.09878 -0.0734774 1.06466 -0.0223217 0.678691 -0 0 -0.0719986 -0.0367073 -0.00287445 0.0806925 0.0625758 0.0819343 0.433695 20.9688
state80: 0.319553 -0.7524 0 0 0 0.559637 0.828738 0.0816561 1.09601 -0.0732748 1.05814 -0.0255917 0.672406 -0 0 -0.0726579 -0.037296 -0.00441843 0.0808546 0.0630058 0.0859672 0.432038 20.9709
state81: 0.314832 -0.766103 0 0 0 0.546812 0.837256 0.0825106 1.09324 -0.0730721 1.05162 -0.0288618 0.666121 -0 0 -0.0733145 -0.0378887 -0.00596669 0.0809955 0.0633715 0.0899949 0.430364 20.9731
state82: 0.31011 -0.779807 0 0 0 0.533857 0.845575 0.0833651 1.09047 -0.0728694 1.04509 -0.0321318 0.659836 -0 0 -0.0739685 -0.0384852 -0.00751895 0.0811154 0.0636732 0.0940162 0.428675 20.9752
state83: 0.305389 -0.79351 0 0 0 0.520776 0.853693 0.0842197 1.0877 -0.0726667 1.03857 -0.0354018 0.65355 -0 0 -0.0746197 -0.0390856 -0.00907496 0.081214 0.0639111 0.0980303 0.42697 20.9774
state84: 0.305389 -0.79351 0 0 0 0.520776 0.853693 0.0842197 1.0877 -0.0726667 1.03857 -0.0354018 0.65355 -0 0 -0.0746197 -0.0390856 -0.00907496 0.081214 0.0639111 0.0980303 0.42697 20.9774
state85: 0.318852 -0.792306 0 0 0 0.507337 0.861748 0.0824701 1.0912 -0.0684743 1.0459 -0.0377858 0.651506 -0 0 -0.0732011 -0.0380196 -0.0104638 0.0784922 0.0623987 0.0987368 0.42842 20.9756
state86: 0.332316 -0.791102 0 0 0 0.493774 0.86959 0.0807205 1.09469 -0.0642819 1.05323 -0.0401698 0.649462 -0 0 -0.0717762 -0.0369639 -0.0118991 0.0757842 0.0608545 0.099477 0.429859 20.9737
state87: 0.345779 -0.789897 0 0 0 0.48009 0.877219 0.0789709 1.09819 -0.0600894 1.06055 -0.0425537 0.647418 -0 0 -0.0703448 -0.0359186 -0.0133809 0.0730907 0.0592787 0.100251 0.431287 20.9718
state88: 0.359242 -0.788693 0 0 0 0.466288 0.884633 0.0772214 1.10169 -0.055897 1.06788 -0.0449377 0.645374 -0 0 -0.0689072 -0.0348835 -0.0149091 0.0704124 0.0576715 0.101059 0.432702 20.97
state89: 0.372706 -0.787489 0 0 0 0.452372 0.89183 0.0754718 1.10518 -0.0517046 1.0752 -0.0473217 0.64333 -0 0 -0.0674634 -0.0338589 -0.0164839 0.0677497 0.0560329 0.101902 0.434106 20.9681
state90: 0.386169 -0.786285 0 0 0 0.438344 0.898807 0.0737222 1.10868 -0.0475122 1.08253 -0.0497056 0.641286 -0 0 -0.0660133 -0.0328447 -0.018105 0.0651034 0.0543632 0.102779 0.435497 20.9662
state91: 0.399632 -0.785081 0 0 0 0.424209 0.905564 0.0719726 1.11218 -0.0433198 1.08986 -0.0520896 0.639242 -0 0 -0.0645571 -0.031841 -0.0197725 0.0624741 0.0526624 0.103692 0.436876 20.9643
state92: 0.413096 -0.783876 0 0 0 0.40997 0.912099 0.0702231 1.11567 -0.0391274 1.09718 -0.0544736 0.637198 -0 0 -0.0630949 -0.0308477 -0.0214864 0.0598624 0.0509308 0.104639 0.438243 20.9624
state93: 0.426559 -0.782672 0 0 0 0.39563 0.91841 0.0684735 1.11917 -0.0349349 1.10451 -0.0568575 0.635154 -0 0 -0.0616265 -0.029865 -0.0232466 0.0572689 0.0491684 0.105623 0.439598 20.9605
state94: 0.440022 -0.781468 0 0 0 0.381193 0.924496 0.0667239 1.12267 -0.0307425 1.11183 -0.0592415 0.63311 -0 0 -0.0601522 -0.0288928 -0.025053 0.0546943 0.0473754 0.106642 0.440939 20.9586
state95: 0.453486 -0.780264 0 0 0 0.366662 0.930354 0.0649743 1.12616 -0.0265501 1.11916 -0.0616254 0.631066 -0 0 -0.058672 -0.0279313 -0.0269057 0.0521392 0.0455521 0.107697 0.442268 20.9566
state96: 0.466949 -0.77906 0 0 0 0.352042 0.935984 0.0632248 1.12966 -0.0223577 1.12648 -0.0640094 0.629022 -0 0 -0.0571859 -0.0269803 -0.0288044 0.0496043 0.0436984 0.108788 0.443584 20.9547
state97: 0.480412 -0.777856 0 0 0 0.337335 0.941385 0.0614752 1.13315 -0.0181653 1.13381 -0.0663934 0.626977 -0 0 -0.055694 -0.02604 -0.0307492 0.0470902 0.0418147 0.109916 0.444887 20.9528
state98: 0.493876 -0.776651 0 0 0 0.322545 0.946554 0.0597256 1.13665 -0.0139729 1.14114 -0.0687773 0.624933 -0 0 -0.0541963 -0.0251104 -0.03274 0.0445974 0.039901 0.111081 0.446177 20.9508
state99: 0.507339 -0.775447 0 0 0 0.307676 0.951491 0.057976 1.14015 -0.00978046 1.14846 -0.0711613 0.622889 -0 0 -0.0526928 -0.0241915 -0.0347766 0.0421268 0.0379576 0.112282 0.447453 20.9488
state100: 0.520802 -0.774243 0 0 0 0.292731 0.956195 0.0562265 1.14364 -0.00558804 1.15579 -0.0735453 0.620845 -0 0 -0.0511837 -0.0232834 -0.036859 0.0396789 0.0359845 0.113521 0.448716 20.9469
state101: 0.534266 -0.773039 0 0 0 0.277715 0.960663 0.0544769 1.14714 -0.00139563 1.16311 -0.0759292 0.618801 -0 0 -0.049669 -0.022386 -0.038987 0.0372543 0.033982 0.114798 0.449965 20.9449
state102: 0.547729 -0.771835 0 0 0 0.262631 0.964896 0.0527273 1.15064 0.00279679 1.17044 -0.0783132 0.616757 -0 0 -0.0481487 -0.0214995 -0.0411606 0.0348537 0.0319502 0.116112 0.4512 20.9429
state103: 0.561192 -0.77063 0 0 0 0.247482 0.968893 0.0509777 1.15413 0.0069892 1.17777 -0.0806972 0.614713 -0 0 -0.0466229 -0.0206238 -0.0433797 0.0324777 0.0298894 0.117465 0.452421 20.9408
state104: 0.574656 -0.769426 0 0 0 0.232272 0.972651 0.0492282 1.15763 0.0111816 1.18509 -0.0830811 0.612669 -0 0 -0.0450917 -0.019759 -0.045644 0.0301271 0.0277996 0.118855 0.453627 20.9388
state105: 0.588119 -0.768222 0 0 0 0.217005 0.97617 0.0474786 1.16113 0.015374 1.19242 -0.0854651 0.610625 -0 0 -0.043555 -0.0189051 -0.0479534 0.0278024 0.0256811 0.120284 0.45482 20.9368
state106: 0.601583 -0.767018 0 0 0 0.201685 0.97945 0.045729 1.16462 0.0195664 1.19974 -0.0878491 0.608581 -0 0 -0.042013 -0.0180621 -0.0503078 0.0255042 0.023534 0.121752 0.455997 20.9347
state107: 0.601583 -0.767018 0 0 0 0.201685 0.97945 0.045729 1.16462 0.0195664 1.19974 -0.0878491 0.608581 -0 0 -0.042013 -0.0180621 -0.0503078 0.0255042 0.023534 0.121752 0.455997 20.9347
state108: 0.601155 -0.767073 0 0 0 0.186303 0.982492 0.0455611 1.17747 0.0161266 1.20363 -0.0828135 0.618007 -0 0 -0.0420863 -0.0174569 -0.0464609 0.0272187 0.025913 0.116591 0.458483 20.9316
state109: 0.600728 -0.767128 0 0 0 0.170876 0.985293 0.0453932 1.19031 0.0126868 1.20752 -0.0777779 0.627434 -0 0 -0.0421509 -0.0168528 -0.0425993 0.0288956 0.0281821 0.111356 0.460936 20.9284
state110: 0.6003 -0.767183 0 0 0 0.155406 0.987851 0.0452254 1.20315 0.0092469 1.2114 -0.0727423 0.63686 -0 0 -0.042207 -0.01625 -0.0387234 0.0305346 0.0303396 0.10605 0.463356 20.925
state111: 0.599873 -0.767238 0 0 0 0.139898 0.990166 0.0450575 1.216 0.00580705 1.21529 -0.0677068 0.646286 -0 0 -0.0422546 -0.0156485 -0.0348337 0.0321357 0.0323841 0.100674 0.465742 20.9216
state112: 0.599445 -0.767293 0 0 0 0.124356 0.992238 0.0448896 1.22884 0.00236721 1.21918 -0.0626712 0.655713 -0 0 -0.0422937 -0.0150484 -0.0309305 0.0336988 0.034314 0.0952315 0.468092 20.918
state113: 0.599018 -0.767348 0 0 0 0.108783 0.994065 0.0447217 1.24168 -0.00107264 1.22306 -0.0576356 0.665139 -0 0 -0.0423244 -0.0144499 -0.0270142 0.0352237 0.0361279 0.0897234 0.470405 20.9143
state114: 0.59859 -0.767403 0 0 0 0.0931838 0.995649 0.0445538 1.25453 -0.00451249 1.22695 -0.0526001 0.674566 -0 0 -0.0423467 -0.0138532 -0.0230851 0.0367103 0.0378242 0.0841521 0.47268 20.9105
state115: 0.598163 -0.767458 0 0 0 0.0775613 0.996988 0.0443859 1.26737 -0.00795234 1.23084 -0.0475645 0.683992 -0 0 -0.0423608 -0.0132582 -0.0191437 0.0381586 0.0394017 0.07852 0.474916 20.9065
state116: 0.597735 -0.767513 0 0 0 0.0619198 0.998081 0.044218 1.28021 -0.0113922 1.23472 -0.0425289 0.693419 -0 0 -0.0423666 -0.0126652 -0.0151904 0.0395684 0.0408589 0.0728292 0.477112 20.9024
state117: 0.597308 -0.767569 0 0 0 0.046263 0.998929 0.0440502 1.29306 -0.014832 1.23861 -0.0374934 0.702845 -0 0 -0.0423641 -0.0120742 -0.0112254 0.0409397 0.0421946 0.0670818 0.479266 20.8981
state118: 0.59688 -0.767624 0 0 0 0.0305949 0.999532 0.0438823 1.3059 -0.0182719 1.24249 -0.0324578 0.712272 -0 0 -0.0423535 -0.0114853 -0.00724931 0.0422723 0.0434074 0.0612803 0.481377 20.8936
state119: 0.596453 -0.767679 0 0 0 0.0149193 0.999889 0.0437144 1.31874 -0.0217117 1.24638 -0.0274222 0.721698 -0 0 -0.0423348 -0.0108988 -0.00326238 0.0435663 0.0444961 0.0554268 0.483445 20.889
state120: 0.596025 -0.767734 0 0 0 -0.000760053 1 0.0435465 1.33159 -0.0251516 1.25027 -0.0223866 0.731124 -0 0 -0.042308 -0.0103146 0.000734967 0.0448215 0.0454596 0.0495237 0.485466 20.8842
state121: 0.595598 -0.767789 0 0 0 -0.0164392 0.999865 0.0433786 1.34443 -0.0285914 1.25415 -0.0173511 0.740551 -0 0 -0.0422733 -0.00973288 0.00474233 0.0460379 0.0462965 0.0435733 0.487441 20.8793
state122: 0.59517 -0.767844 0 0 0 -0.0321143 0.999484 0.0432107 1.35727 -0.0320313 1.25804 -0.0123155 0.749977 -0 0 -0.0422306 -0.00915377 0.00875933 0.0472155 0.0470058 0.037578 0.489368 20.8741
state123: 0.594743 -0.767899 0 0 0 -0.0477815 0.998858 0.0430428 1.37012 -0.0354711 1.26193 -0.00727993 0.759404 -0 0 -0.0421801 -0.00857737 0.0127856 0.0483541 0.0475865 0.0315402 0.491246 20.8688
state124: 0.594315 -0.767954 0 0 0 -0.0634369 0.997986 0.0428749 1.38296 -0.038911 1.26581 -0.00224436 0.76883 -0 0 -0.0421217 -0.00800378 0.0168206 0.0494537 0.0480373 0.0254622 0.493074 20.8633
state125: 0.593888 -0.768009 0 0 0 -0.0790767 0.996869 0.0427071 1.3958 -0.0423508 1.2697 0.00279121 0.778257 -0 0 -0.0420556 -0.0074331 0.0208641 0.0505144 0.0483573 0.0193466 0.494849 20.8575
state126: 0.59346 -0.768064 0 0 0 -0.0946971 0.995506 0.0425392 1.40865 -0.0457907 1.27359 0.00782679 0.787683 -0 0 -0.0419818 -0.00686544 0.0249157 0.051536 0.0485454 0.0131956 0.496572 20.8516
state127: 0.593033 -0.768119 0 0 0 -0.110294 0.993899 0.0423713 1.42149 -0.0492305 1.27747 0.0128624 0.79711 -0 0 -0.0419004 -0.00630091 0.0289749 0.0525186 0.0486007 0.00701198 0.49824 20.8454
state128: 0.592605 -0.768174 0 0 0 -0.125864 0.992047 0.0422034 1.43434 -0.0526704 1.28136 0.0178979 0.806536 -0 0 -0.0418115 -0.00573959 0.0330414 0.0534621 0.0485222 0.000798049 0.499854 20.839
state129: 0.592178 -0.768229 0 0 0 -0.141403 0.989952 0.0420355 1.44718 -0.0561102 1.28525 0.0229335 0.815962 -0 0 -0.0417151 -0.0051816 0.0371148 0.0543665 0.048309 -0.00544364 0.501411 20.8323
state130: 0.59175 -0.768284 0 0 0 -0.156908 0.987613 0.0418676 1.46002 -0.0595501 1.28913 0.0279691 0.825389 -0 0 -0.0416113 -0.00462703 0.0411946 0.0552318 0.0479602 -0.0117105 0.502911 20.8255
state131: 0.591323 -0.768339 0 0 0 -0.172373 0.985032 0.0416997 1.47287 -0.0629899 1.29302 0.0330046 0.834815 -0 0 -0.0415002 -0.00407599 0.0452805 0.056058 0.0474749 -0.0180001 0.504353 20.8183
state132: 0.590896 -0.768395 0 0 0 -0.187797 0.982208 0.0415318 1.48571 -0.0664298 1.29691 0.0380402 0.844242 -0 0 -0.0413818 -0.00352856 0.0493721 0.0568452 0.0468524 -0.0243098 0.505737 20.8109
state133: 0.590468 -0.76845 0 0 0 -0.203174 0.979143 0.041364 1.49855 -0.0698696 1.30079 0.0430758 0.853668 -0 0 -0.0412562 -0.00298484 0.053469 0.0575932 0.0460917 -0.0306369 0.507061 20.8033
state134: 0.590041 -0.768505 0 0 0 -0.218501 0.975837 0.0411961 1.5114 -0.0733095 1.30468 0.0481114 0.863095 -0 0 -0.0411235 -0.00244492 0.0575707 0.0583023 0.0451921 -0.036979 0.508325 20.7953
state135: 0.590041 -0.768505 0 0 0 -0.218501 0.975837 0.0411961 1.5114 -0.0733095 1.30468 0.0481114 0.863095 -0 0 -0.0411235 -0.00244492 0.0575707 0.0583023 0.0451921 -0.036979 0.508325 20.7953
state136: 0.572562 -0.731167 0 0 0 -0.20405 0.97896 0.0359993 1.50856 -0.0635826 1.31105 0.0553268 0.873682 -0 0 -0.0359297 -0.00223855 0.0500683 0.050473 0.0284498 -0.0414059 0.508581 20.8003
state137: 0.555083 -0.69383 0 0 0 -0.189554 0.98187 0.0308026 1.50572 -0.0538557 1.31743 0.0625422 0.88427 -0 0 -0.0307374 -0.00200269 0.0424985 0.0427499 0.0116536 -0.045355 0.508814 20.8054
state138: 0.537605 -0.656492 0 0 0 -0.175017 0.984565 0.0256058 1.50289 -0.0441288 1.3238 0.0697576 0.894858 -0 0 -0.0255468 -0.00173736 0.0348621 0.0351336 -0.00518581 -0.0488247 0.509024 20.8105
state139: 0.520126 -0.619155 0 0 0 -0.160442 0.987045 0.0204091 1.50005 -0.0344019 1.33018 0.076973 0.905446 -0 0 -0.0203581 -0.00144256 0.0271598 0.0276248 -0.0220574 -0.0518135 0.50921 20.8156
state140: 0.502647 -0.581818 0 0 0 -0.145831 0.989309 0.0152123 1.49721 -0.024675 1.33655 0.0841885 0.916034 -0 0 -0.0151712 -0.00111831 0.0193925 0.0202242 -0.0389499 -0.0543208 0.509372 20.8209
state141: 0.485169 -0.54448 0 0 0 -0.131189 0.991357 0.0100156 1.49438 -0.0149482 1.34293 0.0914039 0.926622 -0 0 -0.00998638 -0.000764629 0.0115611 0.0129322 -0.0558519 -0.0563463 0.509512 20.8262
state142: 0.46769 -0.507143 0 0 0 -0.116518 0.993189 0.00481886 1.49154 -0.00522127 1.34931 0.0986193 0.93721 -0 0 -0.00480373 -0.000381522 0.00366621 0.0057496 -0.0727519 -0.05789 0.509628 20.8315
state143: 0.46769 -0.507143 0 0 0 -0.116518 0.993189 0.00481886 1.49154 -0.00522127 1.34931 0.0986193 0.93721 -0 0 -0.00480373 -0.000381522 0.00366621 0.0057496 -0.0727519 -0.05789 0.509628 20.8315
state144: 0.45831 -0.502384 0 0 0 -0.117464 0.993077 0.0082593 1.49029 -0.00701777 1.35272 0.0984214 0.963997 -0 0 -0.00823255 -0.000664216 0.00442192 0.00941215 -0.0706634 -0.0543483 0.510023 20.823
state145: 0.44893 -0.497625 0 0 0 -0.118409 0.992965 0.0116997 1.48904 -0.00881426 1.35614 0.0982235 0.990784 -0 0 -0.0116607 -0.000955491 0.00519439 0.013067 -0.0684382 -0.0509781 0.510348 20.8145
state146: 0.43955 -0.492867 0 0 0 -0.119355 0.992852 0.0151402 1.48778 -0.0106107 1.35956 0.0980255 1.01757 -0 0 -0.0150881 -0.00125534 0.00598357 0.0167142 -0.0660847 -0.0477843 0.5106 20.8063
state147: 0.430169 -0.488108 0 0 0 -0.1203 0.992738 0.0185806 1.48653 -0.0124072 1.36297 0.0978276 1.04436 -0 0 -0.0185147 -0.00156376 0.00678938 0.0203535 -0.0636112 -0.0447712 0.510777 20.7982
state148: 0.420789 -0.483349 0 0 0 -0.121246 0.992623 0.0220211 1.48528 -0.0142037 1.36639 0.0976297 1.07114 -0 0 -0.0219406 -0.00188074 0.00761176 0.023985 -0.0610263 -0.0419429 0.510874 20.7902
state149: 0.411409 -0.47859 0 0 0 -0.122191 0.992507 0.0254615 1.48403 -0.0160002 1.36981 0.0974318 1.09793 -0 0 -0.0253658 -0.00220629 0.00845063 0.0276086 -0.0583385 -0.0393033 0.510889 20.7823
state150: 0.402029 -0.473832 0 0 0 -0.123136 0.99239 0.028902 1.48277 -0.0177967 1.37322 0.0972338 1.12472 -0 0 -0.0287901 -0.00254038 0.00930594 0.0312242 -0.0555567 -0.0368556 0.510815 20.7745
state151: 0.392649 -0.469073 0 0 0 -0.124081 0.992272 0.0323424 1.48152 -0.0195932 1.37664 0.0970359 1.1515 -0 0 -0.0322137 -0.00288302 0.0101776 0.0348318 -0.0526897 -0.0346029 0.510648 20.7668
state152: 0.383269 -0.464314 0 0 0 -0.125026 0.992153 0.0357828 1.48027 -0.0213897 1.38006 0.096838 1.17829 -0 0 -0.0356364 -0.0032342 0.0110656 0.0384313 -0.0497464 -0.0325479 0.51038 20.7592
state153: 0.373889 -0.459556 0 0 0 -0.125971 0.992034 0.0392233 1.47902 -0.0231862 1.38347 0.0966401 1.20508 -0 0 -0.0390584 -0.00359392 0.0119698 0.0420226 -0.0467359 -0.030693 0.510003 20.7516
state154: 0.364509 -0.454797 0 0 0 -0.126916 0.991914 0.0426637 1.47776 -0.0249827 1.38689 0.0964421 1.23187 -0 0 -0.0424795 -0.00396216 0.0128902 0.0456057 -0.0436673 -0.0290401 0.509506 20.744
state155: 0.355129 -0.450038 0 0 0 -0.12786 0.991792 0.0461042 1.47651 -0.0267792 1.39031 0.0962442 1.25865 -0 0 -0.0458997 -0.00433892 0.0138267 0.0491805 -0.0405498 -0.0275908 0.508877 20.7364
state156: 0.345749 -0.445279 0 0 0 -0.128805 0.99167 0.0495446 1.47526 -0.0285757 1.39372 0.0960463 1.28544 -0 0 -0.049319 -0.0047242 0.0147792 0.052747 -0.0373925 -0.0263464 0.508102 20.7287
state157: 0.336368 -0.440521 0 0 0 -0.129749 0.991547 0.052985 1.47401 -0.0303721 1.39714 0.0958484 1.31223 -0 0 -0.0527375 -0.00511798 0.0157478 0.0563051 -0.0342048 -0.0253077 0.507164 20.7209
state158: 0.326988 -0.435762 0 0 0 -0.130693 0.991423 0.0564255 1.47276 -0.0321686 1.40056 0.0956504 1.33901 -0 0 -0.0561551 -0.00552025 0.0167322 0.0598548 -0.0309957 -0.0244752 0.506043 20.713
state159: 0.317608 -0.431003 0 0 0 -0.131637 0.991298 0.0598659 1.4715 -0.0339651 1.40397 0.0954525 1.3658 -0 0 -0.0595718 -0.00593102 0.0177325 0.0633959 -0.0277746 -0.0238491 0.504714 20.705
state160: 0.308228 -0.426245 0 0 0 -0.132581 0.991172 0.0633064 1.47025 -0.0357616 1.40739 0.0952546 1.39259 -0 0 -0.0629875 -0.00635026 0.0187486 0.0669285 -0.0245507 -0.0234291 0.503153 20.6967
state161: 0.298848 -0.421486 0 0 0 -0.133525 0.991045 0.0667468 1.469 -0.0375581 1.41081 0.0950567 1.41937 -0 0 -0.0664023 -0.00677798 0.0197805 0.0704524 -0.0213331 -0.0232147 0.501331 20.6882
state162: 0.289468 -0.416727 0 0 0 -0.134469 0.990918 0.0701873 1.46775 -0.0393546 1.41422 0.0948587 1.44616 -0 0 -0.0698161 -0.00721417 0.020828 0.0739677 -0.0181311 -0.0232048 0.499217 20.6795
state163: 0.280088 -0.411968 0 0 0 -0.135413 0.990789 0.0736277 1.46649 -0.0411511 1.41764 0.0946608 1.47295 -0 0 -0.073229 -0.0076588 0.0218911 0.0774743 -0.0149536 -0.0233981 0.496784 20.6703
state164: 0.270708 -0.40721 0 0 0 -0.136356 0.99066 0.0770681 1.46524 -0.0429476 1.42106 0.0944629 1.49973 -0 0 -0.0766409 -0.00811189 0.0229697 0.080972 -0.0118098 -0.023793 0.494004 20.6608
state165: 0.261328 -0.402451 0 0 0 -0.137299 0.99053 0.0805086 1.46399 -0.0447441 1.42447 0.094265 1.52652 -0 0 -0.0800518 -0.00857341 0.0240639 0.084461 -0.00870861 -0.0243875 0.49086 20.6509
state166: 0.251948 -0.397692 0 0 0 -0.138243 0.990398 0.083949 1.46274 -0.0465406 1.42789 0.094067 1.55331 -0 0 -0.0834616 -0.00904336 0.0251735 0.087941 -0.00565877 -0.025179 0.487343 20.6404
state167: 0.251948 -0.397692 0 0 0 -0.138243 0.990398 0.083949 1.46274 -0.0465406 1.42789 0.094067 1.55331 -0 0 -0.0834616 -0.00904336 0.0251735 0.087941 -0.00565877 -0.025179 0.487343 20.6404
state168: 0.279509 -0.353504 0 0 0 -0.122965 0.992411 0.0746214 1.47465 -0.0413694 1.44368 0.0836151 1.55516 -0 0 -0.074278 -0.00715658 0.0244863 0.0780102 -0.00519924 -0.0244961 0.489059 20.6346
state169: 0.30707 -0.309316 0 0 0 -0.107658 0.994188 0.0652937 1.48657 -0.0361982 1.45947 0.0731632 1.55702 -0 0 -0.0650629 -0.00548889 0.0232712 0.0680688 -0.00475566 -0.0232851 0.490693 20.6286
state170: 0.334632 -0.265128 0 0 0 -0.0923262 0.995729 0.055966 1.49849 -0.031027 1.47526 0.0627114 1.55887 -0 0 -0.0558201 -0.00404101 0.0215277 0.0581383 -0.00430299 -0.0215442 0.492248 20.6224
state171: 0.362193 -0.22094 0 0 0 -0.076972 0.997033 0.0466383 1.51041 -0.0258559 1.49105 0.0522595 1.56073 -0 0 -0.0465535 -0.00281363 0.0192555 0.0482405 -0.00381616 -0.0192725 0.493724 20.616
state172: 0.389754 -0.176752 0 0 0 -0.0615996 0.998101 0.0373107 1.52233 -0.0206847 1.50684 0.0418076 1.56258 -0 0 -0.0372669 -0.00180728 0.016455 0.038397 -0.00327017 -0.0164702 0.495124 20.6094
state173: 0.417316 -0.132564 0 0 0 -0.0462125 0.998932 0.027983 1.53425 -0.0155135 1.52263 0.0313557 1.56444 -0 0 -0.0279643 -0.00102244 0.0131272 0.0286295 -0.00264014 -0.0131389 0.49645 20.6027
state174: 0.444877 -0.088376 0 0 0 -0.0308144 0.999525 0.0186553 1.54616 -0.0103423 1.53842 0.0209038 1.56629 -0 0 -0.0186497 -0.000459457 0.00927388 0.0189598 -0.00190136 -0.00928088 0.497705 20.5958
state175: 0.472439 -0.044188 0 0 0 -0.015409 0.999881 0.00932767 1.55808 -0.00517117 1.55421 0.0104519 1.56815 -0 0 -0.00932692 -0.000118592 0.00489719 0.00940943 -0.00102936 -0.00489972 0.498889 20.5887
state176: 0.5 0 0 0 0 0 1 0 1.57 0 1.57 0 1.57 -0 0 -0 0 -0 0 -0 0 0.5 20.5815
end
